run_id,train_loss,test_loss,train_acc,test_acc,time
1,1.3977328538894653,1.3971928358078003,0.2880000174045563,0.29749998450279236,0.0
1,1.271979808807373,1.268879771232605,0.6640000343322754,0.7049999833106995,0.02698683738708496
1,1.184360146522522,1.1779422760009766,0.6500000357627869,0.6775000095367432,0.031958580017089844
1,1.106840968132019,1.0966628789901733,0.6410000324249268,0.6725000143051147,0.03606128692626953
1,1.0351251363754272,1.0217180252075195,0.6480000019073486,0.6800000071525574,0.03991961479187012
1,0.9686217904090881,0.9520091414451599,0.6480000019073486,0.6699999570846558,0.0436859130859375
1,0.9079943895339966,0.8879784941673279,0.6550000309944153,0.6899999976158142,0.047568559646606445
1,0.8541858792304993,0.830518901348114,0.6650000214576721,0.7124999761581421,0.05167055130004883
1,0.8066162467002869,0.7800666689872742,0.6810000538825989,0.7224999666213989,0.05535578727722168
1,0.7644737362861633,0.7368095517158508,0.687000036239624,0.7274999618530273,0.059539794921875
1,0.7264786958694458,0.6997842192649841,0.6990000605583191,0.7425000071525574,0.06319975852966309
1,0.6908407807350159,0.6657796502113342,0.7080000042915344,0.7574999928474426,0.06707143783569336
1,0.6568294167518616,0.6338918805122375,0.7140000462532043,0.7674999833106995,0.07095837593078613
1,0.6254290342330933,0.6054920554161072,0.7300000190734863,0.7699999809265137,0.07524251937866211
1,0.5974326729774475,0.5826034545898438,0.7680000066757202,0.7949999570846558,0.07933688163757324
1,0.5736790895462036,0.5655624270439148,0.7890000343322754,0.7899999618530273,0.08286428451538086
1,0.5539840459823608,0.5523850917816162,0.7950000166893005,0.7899999618530273,0.08654665946960449
1,0.5366454124450684,0.5396594405174255,0.800000011920929,0.7774999737739563,0.15314483642578125
1,0.5201895833015442,0.5264496207237244,0.8010000586509705,0.7774999737739563,0.1576220989227295
1,0.5041257739067078,0.5121470093727112,0.8040000200271606,0.7774999737739563,0.16149473190307617
1,0.48838603496551514,0.49581554532051086,0.8070000410079956,0.7774999737739563,0.16561388969421387
1,0.4738205671310425,0.47925132513046265,0.8140000104904175,0.7874999642372131,0.16977167129516602
1,0.46150141954421997,0.4654092490673065,0.8140000104904175,0.79749995470047,0.17352938652038574
1,0.45074090361595154,0.4545704126358032,0.8180000185966492,0.8100000023841858,0.1772143840789795
1,0.43949267268180847,0.4447471499443054,0.8210000395774841,0.8075000047683716,0.1808640956878662
1,0.42731985449790955,0.43670904636383057,0.8250000476837158,0.8075000047683716,0.18451189994812012
1,0.41434726119041443,0.4295734167098999,0.8250000476837158,0.8075000047683716,0.18810749053955078
1,0.401061087846756,0.4212413728237152,0.8360000252723694,0.8075000047683716,0.19170308113098145
1,0.3881258964538574,0.41211703419685364,0.8360000252723694,0.8125,0.19542312622070312
1,0.37605389952659607,0.40121322870254517,0.8380000591278076,0.8174999952316284,0.19904470443725586
1,0.36651474237442017,0.3937915563583374,0.8410000205039978,0.8224999904632568,0.202620267868042
1,0.3510395884513855,0.3774081766605377,0.8530000448226929,0.8149999976158142,0.20629167556762695
1,0.3333313465118408,0.3614930212497711,0.8610000610351562,0.8324999809265137,0.20983147621154785
1,0.3237214684486389,0.35392865538597107,0.8670000433921814,0.8374999761581421,0.21343779563903809
1,0.30767273902893066,0.33839207887649536,0.8840000629425049,0.8499999642372131,0.21703243255615234
1,0.29455265402793884,0.32447901368141174,0.8880000710487366,0.8549999594688416,0.22060489654541016
1,0.2824852764606476,0.3150576651096344,0.909000039100647,0.8675000071525574,0.22428560256958008
1,0.2677389085292816,0.300849586725235,0.9070000648498535,0.8774999976158142,0.22779202461242676
1,0.2579600214958191,0.28852465748786926,0.9110000729560852,0.8725000023841858,0.2314128875732422
1,0.24476197361946106,0.2778090238571167,0.9200000166893005,0.8974999785423279,0.23518967628479004
1,0.2339428961277008,0.267734557390213,0.9230000376701355,0.8949999809265137,0.23887109756469727
1,0.22568918764591217,0.255557119846344,0.9240000247955322,0.8949999809265137,0.24253153800964355
1,0.21406805515289307,0.24499040842056274,0.9330000281333923,0.9099999666213989,0.24609637260437012
1,0.205917626619339,0.2363940179347992,0.9360000491142273,0.9124999642372131,0.24977755546569824
1,0.1992979198694229,0.22391127049922943,0.9310000538825989,0.9049999713897705,0.2534031867980957
1,0.19646631181240082,0.22661881148815155,0.9380000233650208,0.9124999642372131,0.2570476531982422
1,0.20547443628311157,0.22916454076766968,0.9330000281333923,0.9074999690055847,0.2614269256591797
1,0.18822425603866577,0.2152147889137268,0.9330000281333923,0.9174999594688416,0.26506733894348145
1,0.1741640716791153,0.19861623644828796,0.9450000524520874,0.9274999499320984,0.2687184810638428
1,0.18210779130458832,0.2014571577310562,0.940000057220459,0.9249999523162842,0.27260446548461914
1,0.16174496710300446,0.17629222571849823,0.9460000395774841,0.9350000023841858,0.27626824378967285
1,0.16800902783870697,0.19023363292217255,0.9450000524520874,0.9300000071525574,0.27979159355163574
1,0.1552143543958664,0.1706826537847519,0.9530000686645508,0.9424999952316284,0.28339719772338867
1,0.15384413301944733,0.16457140445709229,0.9500000476837158,0.9350000023841858,0.28699398040771484
1,0.14876224100589752,0.16121748089790344,0.9480000734329224,0.9350000023841858,0.29059791564941406
1,0.14215390384197235,0.15463705360889435,0.956000030040741,0.9399999976158142,0.29433178901672363
1,0.14277701079845428,0.15299783647060394,0.9520000219345093,0.9399999976158142,0.297910213470459
1,0.13331732153892517,0.14211243391036987,0.956000030040741,0.9549999833106995,0.3015255928039551
1,0.13646219670772552,0.14747260510921478,0.9520000219345093,0.949999988079071,0.30510807037353516
1,0.12662500143051147,0.1341659128665924,0.9570000171661377,0.949999988079071,0.30856847763061523
1,0.12911614775657654,0.13801151514053345,0.9540000557899475,0.9474999904632568,0.31226468086242676
1,0.12130390852689743,0.13064341247081757,0.9580000638961792,0.9524999856948853,0.3157978057861328
1,0.12202021479606628,0.1301308423280716,0.9550000429153442,0.9549999833106995,0.3195075988769531
1,0.11771857738494873,0.12408515810966492,0.9590000510215759,0.9574999809265137,0.3230733871459961
1,0.11487166583538055,0.12124501913785934,0.9590000510215759,0.9574999809265137,0.32659220695495605
1,0.11417736113071442,0.12167290598154068,0.9580000638961792,0.9599999785423279,0.33022093772888184
1,0.10874911397695541,0.11321902275085449,0.9620000720024109,0.9649999737739563,0.33463382720947266
1,0.10959010571241379,0.1141580119729042,0.9580000638961792,0.9624999761581421,0.3384361267089844
1,0.10509075969457626,0.11199669539928436,0.9610000252723694,0.9599999785423279,0.3427762985229492
1,0.10405535250902176,0.10873038321733475,0.9600000381469727,0.9624999761581421,0.34749817848205566
1,0.10260091722011566,0.10623442381620407,0.9660000205039978,0.9624999761581421,0.3512847423553467
1,0.09926728904247284,0.10444362461566925,0.9630000591278076,0.9649999737739563,0.355327844619751
1,0.0991223081946373,0.10311558842658997,0.968000054359436,0.9649999737739563,0.3590273857116699
1,0.09713613986968994,0.09904161095619202,0.9630000591278076,0.9699999690055847,0.3625938892364502
1,0.09732987731695175,0.1047763079404831,0.9690000414848328,0.9599999785423279,0.3666567802429199
1,0.10219031572341919,0.10282737761735916,0.9600000381469727,0.9549999833106995,0.37030816078186035
1,0.10911599546670914,0.11570439487695694,0.9660000205039978,0.9524999856948853,0.3745903968811035
1,0.10357876867055893,0.10338190943002701,0.9530000686645508,0.9624999761581421,0.3783595561981201
1,0.09086869657039642,0.10110752284526825,0.968000054359436,0.9549999833106995,0.38239145278930664
1,0.0987115204334259,0.10432399809360504,0.9640000462532043,0.9574999809265137,0.3866386413574219
1,0.09623213112354279,0.09083947539329529,0.9600000381469727,0.9699999690055847,0.39059019088745117
1,0.09337911754846573,0.10895970463752747,0.9670000672340393,0.949999988079071,0.3941993713378906
1,0.08690857887268066,0.09547284245491028,0.9690000414848328,0.9649999737739563,0.3978569507598877
1,0.0943310409784317,0.08849242329597473,0.9630000591278076,0.9749999642372131,0.40154480934143066
1,0.08636129647493362,0.09593940526247025,0.9660000205039978,0.9599999785423279,0.40517091751098633
1,0.08473442494869232,0.09925294667482376,0.9690000414848328,0.9574999809265137,0.40880632400512695
1,0.08513661473989487,0.08354461938142776,0.9660000205039978,0.9724999666213989,0.4127631187438965
1,0.08359584957361221,0.08438801765441895,0.9750000238418579,0.9699999690055847,0.4167180061340332
1,0.07874569296836853,0.08870090544223785,0.9730000495910645,0.9649999737739563,0.420398473739624
1,0.08184889703989029,0.08742544800043106,0.9650000333786011,0.9649999737739563,0.4240279197692871
1,0.07680132240056992,0.07852643728256226,0.9750000238418579,0.9724999666213989,0.42779040336608887
1,0.07731355726718903,0.07915488630533218,0.9780000448226929,0.9774999618530273,0.43177342414855957
1,0.07542340457439423,0.08195261657238007,0.9690000414848328,0.9699999690055847,0.43546414375305176
1,0.07364942133426666,0.08212552964687347,0.971000075340271,0.9674999713897705,0.4391148090362549
1,0.07362988591194153,0.07538692653179169,0.9790000319480896,0.9799999594688416,0.5075700283050537
1,0.07109708338975906,0.07533794641494751,0.9760000705718994,0.9699999690055847,0.5114679336547852
1,0.07045639306306839,0.0812135860323906,0.9730000495910645,0.9674999713897705,0.5155987739562988
1,0.06939647346735,0.07663843780755997,0.9740000367164612,0.9674999713897705,0.5194230079650879
1,0.06851828843355179,0.07201980799436569,0.9770000576972961,0.9699999690055847,0.5235109329223633
1,0.0666036456823349,0.07445678114891052,0.9780000448226929,0.9749999642372131,0.5272600650787354
1,0.06665831059217453,0.07584494352340698,0.9730000495910645,0.9649999737739563,0.5308046340942383
1,0.06388644874095917,0.06881272047758102,0.9800000190734863,0.9724999666213989,0.5351030826568604
1,0.06484829634428024,0.07273771613836288,0.9790000319480896,0.9774999618530273,0.5391852855682373
1,0.06226225942373276,0.0690428763628006,0.9800000190734863,0.9674999713897705,0.5434954166412354
1,0.061940595507621765,0.06935369968414307,0.9800000190734863,0.9674999713897705,0.5475280284881592
1,0.06142573431134224,0.07109911739826202,0.9780000448226929,0.9749999642372131,0.5516138076782227
1,0.06054620444774628,0.06471534818410873,0.984000027179718,0.9824999570846558,0.555757999420166
1,0.06319605559110641,0.07212745398283005,0.9780000448226929,0.9674999713897705,0.5600969791412354
1,0.06913888454437256,0.07509523630142212,0.9740000367164612,0.9749999642372131,0.5645253658294678
1,0.09144501388072968,0.10018208622932434,0.9690000414848328,0.9524999856948853,0.5689265727996826
1,0.08230610936880112,0.08627620339393616,0.9640000462532043,0.9649999737739563,0.5734024047851562
1,0.061321157962083817,0.07866731286048889,0.9780000448226929,0.9674999713897705,0.5771892070770264
1,0.06823577731847763,0.07745533436536789,0.9720000624656677,0.9624999761581421,0.5807685852050781
1,0.0747886672616005,0.08855874836444855,0.9720000624656677,0.9599999785423279,0.5847961902618408
1,0.06546781212091446,0.08034766465425491,0.9740000367164612,0.9574999809265137,0.5883944034576416
1,0.06623581051826477,0.07186838239431381,0.9720000624656677,0.9674999713897705,0.5923182964324951
1,0.07385999709367752,0.08309400826692581,0.9740000367164612,0.9674999713897705,0.5958125591278076
1,0.05818858742713928,0.07057560235261917,0.9770000576972961,0.9649999737739563,0.5994560718536377
1,0.06660643219947815,0.07142724841833115,0.9750000238418579,0.9624999761581421,0.6032795906066895
1,0.05844034254550934,0.07093214243650436,0.984000027179718,0.9749999642372131,0.6069340705871582
1,0.0579894483089447,0.06670360267162323,0.9850000739097595,0.9749999642372131,0.6106226444244385
1,0.060154590755701065,0.06390951573848724,0.9770000576972961,0.9774999618530273,0.6147229671478271
1,0.05843610689043999,0.07061593234539032,0.9750000238418579,0.9649999737739563,0.6183764934539795
1,0.055622782558202744,0.06400547176599503,0.9850000739097595,0.9699999690055847,0.6220042705535889
1,0.055609989911317825,0.06602245569229126,0.9830000400543213,0.9674999713897705,0.6256594657897949
1,0.053456082940101624,0.06539415568113327,0.9810000658035278,0.9724999666213989,0.6294815540313721
1,0.05513903871178627,0.06394311040639877,0.9790000319480896,0.9749999642372131,0.6330537796020508
1,0.049103330820798874,0.05915433540940285,0.9880000352859497,0.9774999618530273,0.6367025375366211
1,0.054861120879650116,0.07021146267652512,0.9830000400543213,0.9574999809265137,0.6403541564941406
1,0.049162209033966064,0.05409481003880501,0.987000048160553,0.9799999594688416,0.6441278457641602
1,0.05120284482836723,0.06469714641571045,0.9790000319480896,0.9674999713897705,0.647911787033081
1,0.04798577353358269,0.061423949897289276,0.9830000400543213,0.9749999642372131,0.651517391204834
1,0.050323162227869034,0.05812597647309303,0.9850000739097595,0.9749999642372131,0.6552858352661133
1,0.04770812764763832,0.05957354977726936,0.9860000610351562,0.9749999642372131,0.6588308811187744
1,0.047741517424583435,0.05964558199048042,0.9810000658035278,0.9674999713897705,0.6624517440795898
1,0.04607696086168289,0.05664268508553505,0.9900000691413879,0.9749999642372131,0.6661298274993896
1,0.048359718173742294,0.0635492354631424,0.9860000610351562,0.9774999618530273,0.66982102394104
1,0.04419281333684921,0.05394601449370384,0.9920000433921814,0.9774999618530273,0.673414945602417
1,0.045646537095308304,0.05542531609535217,0.984000027179718,0.9724999666213989,0.6770238876342773
1,0.044197216629981995,0.05685722455382347,0.9880000352859497,0.9724999666213989,0.6806645393371582
1,0.04418427124619484,0.053286295384168625,0.9880000352859497,0.9824999570846558,0.6842522621154785
1,0.043128956109285355,0.05481962114572525,0.9850000739097595,0.9724999666213989,0.6877892017364502
1,0.04309741035103798,0.05603466182947159,0.987000048160553,0.9699999690055847,0.6917703151702881
1,0.0416422113776207,0.0525706484913826,0.9910000562667847,0.9749999642372131,0.6955111026763916
1,0.04265608638525009,0.056725259870290756,0.9900000691413879,0.9749999642372131,0.6991026401519775
1,0.041363365948200226,0.05199681222438812,0.9910000562667847,0.9774999618530273,0.7026939392089844
1,0.040748655796051025,0.05359495058655739,0.9910000562667847,0.9774999618530273,0.7063817977905273
1,0.040252719074487686,0.053015366196632385,0.9920000433921814,0.9749999642372131,0.7100286483764648
1,0.04033653810620308,0.05189353972673416,0.9900000691413879,0.9799999594688416,0.7136127948760986
1,0.039757516235113144,0.05317108705639839,0.9900000691413879,0.9799999594688416,0.7173073291778564
1,0.03932805359363556,0.050018344074487686,0.9910000562667847,0.9774999618530273,0.7212598323822021
1,0.03908649459481239,0.0540802963078022,0.9900000691413879,0.9774999618530273,0.7252376079559326
1,0.0383332185447216,0.049939051270484924,0.9920000433921814,0.9749999642372131,0.7297775745391846
1,0.037932414561510086,0.050997670739889145,0.9930000305175781,0.9774999618530273,0.7342398166656494
1,0.03739707171916962,0.0511959046125412,0.9910000562667847,0.9774999618530273,0.738433837890625
1,0.03757748752832413,0.04848353937268257,0.9930000305175781,0.9799999594688416,0.7421596050262451
1,0.03706144914031029,0.05188247188925743,0.9910000562667847,0.9749999642372131,0.7459807395935059
1,0.03689531981945038,0.04819661006331444,0.9930000305175781,0.9774999618530273,0.7495989799499512
1,0.03638438135385513,0.051972758024930954,0.9920000433921814,0.9749999642372131,0.7532124519348145
1,0.03654056042432785,0.048744868487119675,0.9910000562667847,0.9774999618530273,0.7571163177490234
1,0.036520909518003464,0.051955901086330414,0.9910000562667847,0.9749999642372131,0.7607252597808838
1,0.036709289997816086,0.04776977375149727,0.9920000433921814,0.9799999594688416,0.7645583152770996
1,0.03714204207062721,0.05404181033372879,0.9880000352859497,0.9749999642372131,0.7685611248016357
1,0.03787775710225105,0.04600880295038223,0.9890000224113464,0.98499995470047,0.772244930267334
1,0.03972730413079262,0.05903463438153267,0.984000027179718,0.9774999618530273,0.775841236114502
1,0.040584854781627655,0.04606064781546593,0.987000048160553,0.9824999570846558,0.7797830104827881
1,0.04286862164735794,0.06360283493995667,0.984000027179718,0.9724999666213989,0.7834756374359131
1,0.041326988488435745,0.04571458697319031,0.9860000610351562,0.9824999570846558,0.7870440483093262
1,0.039674170315265656,0.058555301278829575,0.984000027179718,0.9774999618530273,0.790773868560791
1,0.03469337150454521,0.04410059005022049,0.9910000562667847,0.98499995470047,0.7944107055664062
1,0.032954566180706024,0.04619918763637543,0.9940000176429749,0.9749999642372131,0.7979738712310791
1,0.034685272723436356,0.052735596895217896,0.9890000224113464,0.9774999618530273,0.8638608455657959
1,0.036189403384923935,0.0428328663110733,0.9910000562667847,0.9824999570846558,0.8679399490356445
1,0.03616742789745331,0.055435582995414734,0.9850000739097595,0.9774999618530273,0.8716638088226318
1,0.03415067121386528,0.045946817845106125,0.9920000433921814,0.9774999618530273,0.8753976821899414
1,0.03277726098895073,0.04742562770843506,0.9930000305175781,0.9749999642372131,0.8790290355682373
1,0.032254576683044434,0.050884589552879333,0.9920000433921814,0.9724999666213989,0.8827674388885498
1,0.032147638499736786,0.04365657642483711,0.9930000305175781,0.9799999594688416,0.8864715099334717
1,0.032493479549884796,0.0499318391084671,0.9910000562667847,0.9749999642372131,0.8901700973510742
1,0.03297470882534981,0.0461321696639061,0.9910000562667847,0.9749999642372131,0.8937463760375977
1,0.03291734308004379,0.048429619520902634,0.9890000224113464,0.9724999666213989,0.8973703384399414
1,0.03186886012554169,0.04808301478624344,0.9920000433921814,0.9724999666213989,0.9010608196258545
1,0.03038032352924347,0.04542335867881775,0.9940000176429749,0.9749999642372131,0.904670000076294
1,0.029638757929205894,0.04562396556138992,0.9950000643730164,0.9774999618530273,0.9083218574523926
1,0.029927914962172508,0.04653656482696533,0.9950000643730164,0.9774999618530273,0.9119288921356201
1,0.030662717297673225,0.04645252227783203,0.9930000305175781,0.9749999642372131,0.9155619144439697
1,0.031066538766026497,0.04614749923348427,0.9920000433921814,0.9774999618530273,0.9196047782897949
1,0.031068291515111923,0.04809418320655823,0.9910000562667847,0.9749999642372131,0.9232769012451172
1,0.030857570469379425,0.043586697429418564,0.9920000433921814,0.9774999618530273,0.9272880554199219
1,0.030785473063588142,0.05020645260810852,0.9890000224113464,0.9749999642372131,0.93111252784729
1,0.030202917754650116,0.041767049580812454,0.9930000305175781,0.9799999594688416,0.9350440502166748
1,0.029342083260416985,0.049328748136758804,0.9910000562667847,0.9749999642372131,0.938586950302124
1,0.028247060254216194,0.04244037717580795,0.9950000643730164,0.9799999594688416,0.9424312114715576
1,0.02766239270567894,0.043973006308078766,0.9950000643730164,0.9774999618530273,0.9460816383361816
1,0.027747517451643944,0.04511352628469467,0.9940000176429749,0.9749999642372131,0.9496705532073975
1,0.028186991810798645,0.041097234934568405,0.9960000514984131,0.9774999618530273,0.953404426574707
1,0.02865433320403099,0.0484425313770771,0.9910000562667847,0.9749999642372131,0.9578242301940918
1,0.02894611656665802,0.04141492769122124,0.9920000433921814,0.9774999618530273,0.961639404296875
1,0.02942616306245327,0.04910769313573837,0.9920000433921814,0.9749999642372131,0.9655468463897705
1,0.02997668646275997,0.043561335653066635,0.9910000562667847,0.9774999618530273,0.9695777893066406
1,0.03064810484647751,0.049204856157302856,0.9910000562667847,0.9749999642372131,0.9732620716094971
1,0.03036750853061676,0.04496944323182106,0.9910000562667847,0.9749999642372131,0.9769926071166992
1,0.02910168282687664,0.04759550467133522,0.9920000433921814,0.9749999642372131,0.9806206226348877
1,0.027180584147572517,0.042411934584379196,0.9950000643730164,0.9799999594688416,0.9842662811279297
1,0.025939131155610085,0.04384579509496689,0.9940000176429749,0.9749999642372131,0.9883172512054443
1,0.02598312497138977,0.04250764846801758,0.9940000176429749,0.9749999642372131,0.9919388294219971
1,0.02674972452223301,0.04337494820356369,0.9950000643730164,0.9774999618530273,0.9954822063446045
1,0.027230164036154747,0.044914212077856064,0.9940000176429749,0.9749999642372131,0.9992525577545166
1,0.027091747149825096,0.04177585616707802,0.9940000176429749,0.9774999618530273,1.0028042793273926
1,0.026502234861254692,0.04637724906206131,0.9950000643730164,0.9749999642372131,1.0065412521362305
1,0.025756150484085083,0.04038400948047638,0.9960000514984131,0.9774999618530273,1.0102176666259766
1,0.025235915556550026,0.04516879469156265,0.9930000305175781,0.9749999642372131,1.0136950016021729
1,0.02490045316517353,0.04138791188597679,0.9950000643730164,0.9749999642372131,1.0173845291137695
1,0.024822914972901344,0.0430036298930645,0.9960000514984131,0.9799999594688416,1.0212287902832031
1,0.024973805993795395,0.044024500995874405,0.9940000176429749,0.9749999642372131,1.0248258113861084
1,0.02522933855652809,0.039795517921447754,0.9960000514984131,0.9774999618530273,1.0284371376037598
1,0.025426609441637993,0.04646623507142067,0.9940000176429749,0.9749999642372131,1.0321667194366455
1,0.025317341089248657,0.03908798098564148,0.9960000514984131,0.9774999618530273,1.0357742309570312
1,0.024900954216718674,0.0455503985285759,0.9950000643730164,0.9749999642372131,1.0394227504730225
1,0.024318713694810867,0.03963553160429001,0.9960000514984131,0.9774999618530273,1.0431914329528809
1,0.02380087412893772,0.04315349459648132,0.9940000176429749,0.9749999642372131,1.0468254089355469
1,0.02347589284181595,0.04165655001997948,0.9960000514984131,0.9774999618530273,1.0507776737213135
1,0.023271087557077408,0.04047562554478645,0.9950000643730164,0.9799999594688416,1.0546350479125977
1,0.023090293630957603,0.042752720415592194,0.9950000643730164,0.9774999618530273,1.058337926864624
1,0.02293975278735161,0.04003691300749779,0.9960000514984131,0.9799999594688416,1.061913013458252
1,0.02292972430586815,0.04231204092502594,0.9940000176429749,0.9749999642372131,1.0655112266540527
1,0.02314896695315838,0.040723517537117004,0.9960000514984131,0.9774999618530273,1.069305658340454
1,0.023637380450963974,0.04321952909231186,0.9950000643730164,0.9749999642372131,1.072885513305664
2,1.3983981609344482,1.400925636291504,0.17800000309944153,0.1574999988079071,0.0
2,1.3017548322677612,1.3032509088516235,0.5770000219345093,0.6074999570846558,0.030162334442138672
2,1.2289118766784668,1.2303776741027832,0.6040000319480896,0.5974999666213989,0.03593873977661133
2,1.1594675779342651,1.1598491668701172,0.6360000371932983,0.6324999928474426,0.0398859977722168
2,1.088571310043335,1.086787462234497,0.64000004529953,0.6800000071525574,0.04352140426635742
2,1.0186903476715088,1.0140504837036133,0.6480000019073486,0.6825000047683716,0.04709959030151367
2,0.9527588486671448,0.9449160099029541,0.656000018119812,0.699999988079071,0.051082611083984375
2,0.8935346007347107,0.8833305239677429,0.656000018119812,0.699999988079071,0.05573868751525879
2,0.8399134278297424,0.8281553387641907,0.659000039100647,0.7024999856948853,0.059789180755615234
2,0.7927305102348328,0.7795711755752563,0.6650000214576721,0.7074999809265137,0.06412529945373535
2,0.7521572709083557,0.738872230052948,0.6710000038146973,0.7224999666213989,0.06822562217712402
2,0.7151091694831848,0.7026931047439575,0.6790000200271606,0.7224999666213989,0.07253599166870117
2,0.6811798810958862,0.6707866191864014,0.7000000476837158,0.7324999570846558,0.07676458358764648
2,0.6496309638023376,0.6429364085197449,0.7220000624656677,0.75,0.0807332992553711
2,0.6207199096679688,0.6180940866470337,0.7390000224113464,0.7549999952316284,0.08469772338867188
2,0.5949873924255371,0.5954548120498657,0.7540000081062317,0.7524999976158142,0.08885431289672852
2,0.5721485614776611,0.5746408104896545,0.7770000100135803,0.7649999856948853,0.09284448623657227
2,0.5505664348602295,0.556418240070343,0.7850000262260437,0.7824999690055847,0.159928560256958
2,0.5297451615333557,0.5398270487785339,0.7890000343322754,0.7724999785423279,0.1645033359527588
2,0.5093407034873962,0.5215133428573608,0.7990000247955322,0.7749999761581421,0.1687321662902832
2,0.49081283807754517,0.5020729303359985,0.8090000152587891,0.7924999594688416,0.1728219985961914
2,0.47440820932388306,0.4848945140838623,0.8110000491142273,0.7999999523162842,0.1768357753753662
2,0.4597306549549103,0.4685344696044922,0.8170000314712524,0.8050000071525574,0.18079733848571777
2,0.44585663080215454,0.453083336353302,0.8200000524520874,0.8075000047683716,0.18540430068969727
2,0.4327235519886017,0.43910831212997437,0.8230000138282776,0.8100000023841858,0.18950343132019043
2,0.41997474431991577,0.42858821153640747,0.8250000476837158,0.8075000047683716,0.19336509704589844
2,0.4073711931705475,0.4210258424282074,0.8320000171661377,0.7999999523162842,0.19751453399658203
2,0.3948686718940735,0.41070234775543213,0.8270000219345093,0.8075000047683716,0.20129966735839844
2,0.381430059671402,0.4026246964931488,0.8370000123977661,0.8050000071525574,0.20531368255615234
2,0.3676222860813141,0.389647901058197,0.8390000462532043,0.8149999976158142,0.20918655395507812
2,0.3538004755973816,0.37735381722450256,0.8480000495910645,0.8174999952316284,0.21276426315307617
2,0.34012022614479065,0.3662486672401428,0.8550000190734863,0.8174999952316284,0.21650123596191406
2,0.32617348432540894,0.353616863489151,0.8540000319480896,0.8274999856948853,0.2202141284942627
2,0.3122364580631256,0.3417810797691345,0.8740000128746033,0.8274999856948853,0.22370409965515137
2,0.29909029603004456,0.330061674118042,0.8910000324249268,0.8574999570846558,0.22743773460388184
2,0.2865327000617981,0.31392523646354675,0.8960000276565552,0.8374999761581421,0.23142004013061523
2,0.2742469012737274,0.3039988577365875,0.9040000438690186,0.8650000095367432,0.23524260520935059
2,0.261766254901886,0.2888462245464325,0.9030000567436218,0.8624999523162842,0.2395496368408203
2,0.2503182291984558,0.27722346782684326,0.9150000214576721,0.8849999904632568,0.24323511123657227
2,0.24066299200057983,0.2714264988899231,0.9160000681877136,0.8799999952316284,0.24684691429138184
2,0.22946693003177643,0.2560422122478485,0.9180000424385071,0.8974999785423279,0.2510676383972168
2,0.2172575294971466,0.24831697344779968,0.9240000247955322,0.8974999785423279,0.25574779510498047
2,0.20967677235603333,0.2420896589756012,0.9300000667572021,0.8999999761581421,0.2593226432800293
2,0.2050568163394928,0.22969506680965424,0.9290000200271606,0.9149999618530273,0.26321887969970703
2,0.20213639736175537,0.23230333626270294,0.9280000329017639,0.8924999833106995,0.2668173313140869
2,0.20232822000980377,0.22851379215717316,0.9280000329017639,0.9074999690055847,0.2703266143798828
2,0.19074921309947968,0.21555300056934357,0.9300000667572021,0.8974999785423279,0.27423548698425293
2,0.17624083161354065,0.20182929933071136,0.9430000185966492,0.92249995470047,0.2782151699066162
2,0.17989911139011383,0.20420420169830322,0.9350000619888306,0.9249999523162842,0.2818005084991455
2,0.1719580590724945,0.195776104927063,0.9340000152587891,0.9099999666213989,0.2855660915374756
2,0.1623443365097046,0.17920391261577606,0.9470000267028809,0.9350000023841858,0.2893178462982178
2,0.16200223565101624,0.17946428060531616,0.9460000395774841,0.9375,0.29309582710266113
2,0.15465708076953888,0.1755537986755371,0.9450000524520874,0.9350000023841858,0.29711151123046875
2,0.15215608477592468,0.1661594808101654,0.9480000734329224,0.9399999976158142,0.30124402046203613
2,0.14555053412914276,0.16092288494110107,0.9530000686645508,0.9449999928474426,0.30521106719970703
2,0.14277416467666626,0.15998083353042603,0.9510000348091125,0.9399999976158142,0.30905914306640625
2,0.1398269534111023,0.14816264808177948,0.9480000734329224,0.949999988079071,0.3130619525909424
2,0.13280397653579712,0.14416208863258362,0.956000030040741,0.9474999904632568,0.3169705867767334
2,0.13363972306251526,0.14815206825733185,0.9490000605583191,0.949999988079071,0.3209052085876465
2,0.12598684430122375,0.13456517457962036,0.9580000638961792,0.9524999856948853,0.32520294189453125
2,0.12428584694862366,0.13190710544586182,0.9580000638961792,0.9574999809265137,0.32913899421691895
2,0.12231338024139404,0.1326206475496292,0.9510000348091125,0.9574999809265137,0.33278751373291016
2,0.11702490597963333,0.129530668258667,0.9590000510215759,0.9574999809265137,0.33634376525878906
2,0.11663776636123657,0.12218335270881653,0.9530000686645508,0.9624999761581421,0.34002065658569336
2,0.11128377169370651,0.12175866961479187,0.9590000510215759,0.9549999833106995,0.34368157386779785
2,0.10993584990501404,0.11746306717395782,0.9620000720024109,0.9624999761581421,0.3475370407104492
2,0.10845892876386642,0.11818300932645798,0.9620000720024109,0.9599999785423279,0.35110950469970703
2,0.10742014646530151,0.10961268097162247,0.9590000510215759,0.9649999737739563,0.3548431396484375
2,0.11059410125017166,0.13179318606853485,0.9600000381469727,0.949999988079071,0.3587489128112793
2,0.11249364167451859,0.11090601235628128,0.9570000171661377,0.9574999809265137,0.36234021186828613
2,0.11377187073230743,0.1295659989118576,0.9570000171661377,0.9449999928474426,0.3661997318267822
2,0.10899362713098526,0.1088959127664566,0.9540000557899475,0.9624999761581421,0.3698570728302002
2,0.09699337929487228,0.10900618880987167,0.968000054359436,0.9599999785423279,0.37384986877441406
2,0.10401380807161331,0.11429384350776672,0.9600000381469727,0.9574999809265137,0.37787914276123047
2,0.10783574730157852,0.1026616021990776,0.9550000429153442,0.9549999833106995,0.3814370632171631
2,0.09389784932136536,0.1130271628499031,0.968000054359436,0.949999988079071,0.38550901412963867
2,0.09088467061519623,0.10704776644706726,0.9690000414848328,0.9549999833106995,0.38916873931884766
2,0.09906837344169617,0.09345193207263947,0.9610000252723694,0.9649999737739563,0.39279747009277344
2,0.08834932744503021,0.0967618077993393,0.9670000672340393,0.9599999785423279,0.39620304107666016
2,0.08801867812871933,0.10538219660520554,0.9690000414848328,0.9649999737739563,0.39984703063964844
2,0.08818688988685608,0.08706268668174744,0.9670000672340393,0.9699999690055847,0.4037508964538574
2,0.08902818709611893,0.09182197600603104,0.968000054359436,0.9624999761581421,0.4077310562133789
2,0.0789957121014595,0.08865171670913696,0.9760000705718994,0.9674999713897705,0.41135311126708984
2,0.08714894950389862,0.09566208720207214,0.9650000333786011,0.9649999737739563,0.4151425361633301
2,0.07972556352615356,0.08606451004743576,0.9700000286102295,0.9624999761581421,0.41909027099609375
2,0.07741738110780716,0.08076102286577225,0.9720000624656677,0.9674999713897705,0.4229462146759033
2,0.08109227567911148,0.08609635382890701,0.9740000367164612,0.9674999713897705,0.4264261722564697
2,0.07890160381793976,0.09567040205001831,0.9720000624656677,0.9599999785423279,0.4299468994140625
2,0.0781426951289177,0.08093530684709549,0.9720000624656677,0.9674999713897705,0.4337024688720703
2,0.08080587536096573,0.0814124047756195,0.9660000205039978,0.9624999761581421,0.4375021457672119
2,0.07330551743507385,0.08721791952848434,0.9790000319480896,0.9599999785423279,0.4411427974700928
2,0.07243501394987106,0.08752386271953583,0.9720000624656677,0.9624999761581421,0.4451284408569336
2,0.06796573102474213,0.06796658784151077,0.9770000576972961,0.9724999666213989,0.44910693168640137
2,0.06891187280416489,0.07390333712100983,0.9800000190734863,0.9724999666213989,0.45301127433776855
2,0.0680474117398262,0.07828282564878464,0.9780000448226929,0.9674999713897705,0.5196237564086914
2,0.06946992129087448,0.07536236196756363,0.9780000448226929,0.9699999690055847,0.5235815048217773
2,0.0700431764125824,0.0805187001824379,0.9750000238418579,0.9674999713897705,0.5275847911834717
2,0.06464894115924835,0.06550765782594681,0.9800000190734863,0.9799999594688416,0.5312626361846924
2,0.06400497257709503,0.0728868693113327,0.9790000319480896,0.9674999713897705,0.5348360538482666
2,0.060534730553627014,0.07349803298711777,0.9830000400543213,0.9649999737739563,0.5390982627868652
2,0.05925866961479187,0.06317944079637527,0.984000027179718,0.9799999594688416,0.5429258346557617
2,0.05944187939167023,0.06401572376489639,0.9780000448226929,0.9724999666213989,0.5466351509094238
2,0.06016814336180687,0.0717269703745842,0.9830000400543213,0.9624999761581421,0.5503010749816895
2,0.061947356909513474,0.07287976890802383,0.9800000190734863,0.9699999690055847,0.5540571212768555
2,0.06247358396649361,0.06596845388412476,0.9790000319480896,0.9724999666213989,0.5577690601348877
2,0.06659699231386185,0.07463957369327545,0.9750000238418579,0.9624999761581421,0.5613930225372314
2,0.059886615723371506,0.06697651743888855,0.984000027179718,0.9699999690055847,0.5655126571655273
2,0.055121853947639465,0.06748337298631668,0.9820000529289246,0.9724999666213989,0.5691423416137695
2,0.05337735638022423,0.0591617189347744,0.9830000400543213,0.9774999618530273,0.5727319717407227
2,0.052904751151800156,0.05851542949676514,0.9890000224113464,0.9749999642372131,0.576744794845581
2,0.0559685043990612,0.07237543910741806,0.9800000190734863,0.9674999713897705,0.5810089111328125
2,0.05571160838007927,0.06229081004858017,0.9810000658035278,0.9724999666213989,0.5851485729217529
2,0.05577780306339264,0.06180272251367569,0.9790000319480896,0.9724999666213989,0.5887389183044434
2,0.05344148725271225,0.06466386467218399,0.9820000529289246,0.9674999713897705,0.5923953056335449
2,0.05133636295795441,0.06141815707087517,0.9860000610351562,0.9749999642372131,0.5959737300872803
2,0.049542151391506195,0.061589840799570084,0.9850000739097595,0.9724999666213989,0.5995545387268066
2,0.04846152290701866,0.05459935590624809,0.9880000352859497,0.98499995470047,0.6030879020690918
2,0.048383500427007675,0.06126558408141136,0.9860000610351562,0.9724999666213989,0.6069679260253906
2,0.050017423927783966,0.06329438835382462,0.9830000400543213,0.9674999713897705,0.6105697154998779
2,0.051544710993766785,0.059434790164232254,0.9800000190734863,0.9749999642372131,0.6141860485076904
2,0.05343643203377724,0.06504859775304794,0.9820000529289246,0.9624999761581421,0.6178417205810547
2,0.054645948112010956,0.06529141217470169,0.9810000658035278,0.9674999713897705,0.6216034889221191
2,0.05176468566060066,0.06382064521312714,0.9810000658035278,0.9599999785423279,0.6257259845733643
2,0.048258740454912186,0.05998872593045235,0.9830000400543213,0.9799999594688416,0.6293749809265137
2,0.04455091431736946,0.05431651696562767,0.9900000691413879,0.9699999690055847,0.6329283714294434
2,0.04360727593302727,0.05797074735164642,0.9900000691413879,0.9699999690055847,0.6365764141082764
2,0.0444200299680233,0.054289188235998154,0.9890000224113464,0.9774999618530273,0.6405823230743408
2,0.045958105474710464,0.05831358581781387,0.9830000400543213,0.9699999690055847,0.6448254585266113
2,0.04761350899934769,0.059818968176841736,0.9830000400543213,0.9774999618530273,0.6486098766326904
2,0.048309456557035446,0.05922326073050499,0.987000048160553,0.9649999737739563,0.652254581451416
2,0.049316518008708954,0.06257379800081253,0.9820000529289246,0.9724999666213989,0.6558680534362793
2,0.047793373465538025,0.053811512887477875,0.9850000739097595,0.9724999666213989,0.659426212310791
2,0.045611970126628876,0.06480313837528229,0.9850000739097595,0.9674999713897705,0.66312575340271
2,0.042124949395656586,0.049582526087760925,0.9900000691413879,0.98499995470047,0.6669509410858154
2,0.04138404130935669,0.05613228306174278,0.9880000352859497,0.9699999690055847,0.6704630851745605
2,0.04275244474411011,0.054475829005241394,0.987000048160553,0.9749999642372131,0.6741838455200195
2,0.044914040714502335,0.059941817075014114,0.9860000610351562,0.9649999737739563,0.6778080463409424
2,0.04505110904574394,0.05680318921804428,0.9850000739097595,0.9774999618530273,0.6815454959869385
2,0.042255040258169174,0.05303609371185303,0.987000048160553,0.9724999666213989,0.685142993927002
2,0.03900165483355522,0.05341854691505432,0.9910000562667847,0.9749999642372131,0.6888022422790527
2,0.037465013563632965,0.05042446032166481,0.9920000433921814,0.9774999618530273,0.6923468112945557
2,0.03819343447685242,0.05188603699207306,0.9910000562667847,0.9774999618530273,0.6960034370422363
2,0.03990984708070755,0.05404138192534447,0.9880000352859497,0.9724999666213989,0.6996378898620605
2,0.0413302443921566,0.05532236397266388,0.9860000610351562,0.9699999690055847,0.7031779289245605
2,0.04097139835357666,0.05414228141307831,0.9860000610351562,0.9724999666213989,0.7070729732513428
2,0.03958180919289589,0.054881006479263306,0.9880000352859497,0.9699999690055847,0.7107548713684082
2,0.037660013884305954,0.05005978047847748,0.9910000562667847,0.9824999570846558,0.714292049407959
2,0.036785248667001724,0.05496373027563095,0.9920000433921814,0.9699999690055847,0.7183437347412109
2,0.03690841421484947,0.045772962272167206,0.9930000305175781,0.98499995470047,0.7220394611358643
2,0.03821467235684395,0.05727117136120796,0.9890000224113464,0.9699999690055847,0.7255980968475342
2,0.0394548662006855,0.04641398414969444,0.9910000562667847,0.98499995470047,0.7291431427001953
2,0.04084083437919617,0.060806754976511,0.9860000610351562,0.9699999690055847,0.7330474853515625
2,0.04037318751215935,0.04530978202819824,0.9910000562667847,0.9774999618530273,0.7367756366729736
2,0.038618411868810654,0.059188175946474075,0.9860000610351562,0.9674999713897705,0.7404792308807373
2,0.03543831780552864,0.0460502915084362,0.9910000562667847,0.98499995470047,0.7442004680633545
2,0.03384093567728996,0.05093856900930405,0.9920000433921814,0.9724999666213989,0.7481565475463867
2,0.03448312357068062,0.048309992998838425,0.9930000305175781,0.9799999594688416,0.751910924911499
2,0.036283522844314575,0.04897064343094826,0.9900000691413879,0.9749999642372131,0.7554700374603271
2,0.03749017417430878,0.05353837087750435,0.9890000224113464,0.9749999642372131,0.7590596675872803
2,0.03696097806096077,0.049654990434646606,0.9900000691413879,0.9749999642372131,0.7626256942749023
2,0.03500523790717125,0.05161492899060249,0.9890000224113464,0.9774999618530273,0.7661833763122559
2,0.032958194613456726,0.049814291298389435,0.9920000433921814,0.9724999666213989,0.7698564529418945
2,0.03227671608328819,0.04470392316579819,0.9930000305175781,0.9799999594688416,0.7735178470611572
2,0.03336609527468681,0.0541631318628788,0.9910000562667847,0.9724999666213989,0.7772195339202881
2,0.0343344584107399,0.04267779737710953,0.9920000433921814,0.9824999570846558,0.7808008193969727
2,0.03458439186215401,0.05542359501123428,0.9880000352859497,0.9749999642372131,0.7846155166625977
2,0.03308580443263054,0.041816048324108124,0.9920000433921814,0.9824999570846558,0.7883498668670654
2,0.03129307180643082,0.05066616088151932,0.9920000433921814,0.9724999666213989,0.7918908596038818
2,0.03002305142581463,0.04461689293384552,0.9940000176429749,0.9824999570846558,0.7955682277679443
2,0.029973717406392097,0.04479564353823662,0.9940000176429749,0.9799999594688416,0.7991540431976318
2,0.030822010710835457,0.04811251163482666,0.9940000176429749,0.9774999618530273,0.802708625793457
2,0.031761035323143005,0.04394902288913727,0.9930000305175781,0.9799999594688416,0.869481086730957
2,0.032451849430799484,0.0525241456925869,0.9910000562667847,0.9749999642372131,0.8734543323516846
2,0.0323396660387516,0.04440837353467941,0.9930000305175781,0.9774999618530273,0.8773465156555176
2,0.03182758018374443,0.050362009555101395,0.9910000562667847,0.9774999618530273,0.8808410167694092
2,0.03115396946668625,0.04795607179403305,0.9910000562667847,0.9749999642372131,0.884753942489624
2,0.031376373022794724,0.04654405638575554,0.9920000433921814,0.9799999594688416,0.8883919715881348
2,0.03435434401035309,0.0592251680791378,0.987000048160553,0.9699999690055847,0.8920021057128906
2,0.039207834750413895,0.0494377575814724,0.9820000529289246,0.9774999618530273,0.8957674503326416
2,0.06254701316356659,0.1017715260386467,0.9740000367164612,0.9549999833106995,0.8994066715240479
2,0.11235854774713516,0.11634500324726105,0.9610000252723694,0.9549999833106995,0.9030206203460693
2,0.16192609071731567,0.23843562602996826,0.9500000476837158,0.9300000071525574,0.9069230556488037
2,0.07813762873411179,0.09388116747140884,0.9750000238418579,0.9624999761581421,0.9106614589691162
2,0.07165573537349701,0.07132713496685028,0.968000054359436,0.9699999690055847,0.9146316051483154
2,0.11673200875520706,0.15890423953533173,0.9580000638961792,0.9375,0.9183077812194824
2,0.04155291989445686,0.06170812249183655,0.984000027179718,0.9674999713897705,0.9222638607025146
2,0.09638683497905731,0.0964614674448967,0.9590000510215759,0.9649999737739563,0.9258763790130615
2,0.03592384234070778,0.05907882750034332,0.9910000562667847,0.9724999666213989,0.9294214248657227
2,0.06391048431396484,0.10451610386371613,0.9740000367164612,0.949999988079071,0.9332265853881836
2,0.043176859617233276,0.05057244002819061,0.984000027179718,0.9799999594688416,0.9369943141937256
2,0.04714186489582062,0.04593038931488991,0.9780000448226929,0.9799999594688416,0.9405558109283447
2,0.044078633189201355,0.06502273678779602,0.9800000190734863,0.9649999737739563,0.9448728561401367
2,0.042842600494623184,0.07586225867271423,0.984000027179718,0.9699999690055847,0.9484975337982178
2,0.03784571588039398,0.05360179394483566,0.9850000739097595,0.9724999666213989,0.9521534442901611
2,0.04567117989063263,0.040224507451057434,0.984000027179718,0.9874999523162842,0.9557545185089111
2,0.032477062195539474,0.03560081869363785,0.9930000305175781,0.9899999499320984,0.9593794345855713
2,0.03814766928553581,0.06416445225477219,0.9860000610351562,0.9699999690055847,0.9629819393157959
2,0.039012521505355835,0.06703060865402222,0.9850000739097595,0.9699999690055847,0.9668211936950684
2,0.02970714494585991,0.04028503596782684,0.9950000643730164,0.9824999570846558,0.9704070091247559
2,0.037694867700338364,0.039339981973171234,0.987000048160553,0.9899999499320984,0.9739933013916016
2,0.03250392526388168,0.043596163392066956,0.9940000176429749,0.9799999594688416,0.9780752658843994
2,0.03201599419116974,0.056121863424777985,0.9900000691413879,0.9774999618530273,0.9817306995391846
2,0.032031070441007614,0.053817566484212875,0.9900000691413879,0.9749999642372131,0.9853551387786865
2,0.0327128991484642,0.04430820420384407,0.9920000433921814,0.9774999618530273,0.9890108108520508
2,0.02874716743826866,0.039749957621097565,0.9970000386238098,0.98499995470047,0.992525577545166
2,0.031140146777033806,0.04831012338399887,0.9920000433921814,0.9774999618530273,0.9962899684906006
2,0.030764535069465637,0.05133051052689552,0.9920000433921814,0.9774999618530273,0.99991774559021
2,0.02731003426015377,0.042200323194265366,0.9970000386238098,0.9824999570846558,1.0034947395324707
2,0.029836509376764297,0.04266153648495674,0.9960000514984131,0.9824999570846558,1.0077531337738037
2,0.028331194072961807,0.0469869039952755,0.9950000643730164,0.9749999642372131,1.0114433765411377
3,1.3777915239334106,1.38019597530365,0.2980000078678131,0.29999998211860657,0.0
3,1.260873794555664,1.2636302709579468,0.6480000019073486,0.6424999833106995,0.02668142318725586
3,1.1719413995742798,1.173612117767334,0.6640000343322754,0.6825000047683716,0.0316920280456543
3,1.0907065868377686,1.09072744846344,0.64000004529953,0.6725000143051147,0.03546261787414551
3,1.0153305530548096,1.0129696130752563,0.6310000419616699,0.6599999666213989,0.03914809226989746
3,0.9508865475654602,0.9457077980041504,0.6350000500679016,0.6574999690055847,0.042853355407714844
3,0.896790623664856,0.8893125653266907,0.6350000500679016,0.6699999570846558,0.04674220085144043
3,0.8504176735877991,0.8412001132965088,0.6480000019073486,0.6775000095367432,0.05105280876159668
3,0.810314416885376,0.7991469502449036,0.6550000309944153,0.6899999976158142,0.0546565055847168
3,0.775077223777771,0.7620691061019897,0.6630000472068787,0.699999988079071,0.05838918685913086
3,0.7422781586647034,0.7287874817848206,0.6690000295639038,0.7174999713897705,0.06199216842651367
3,0.7108926773071289,0.6983609795570374,0.6720000505447388,0.7199999690055847,0.06653451919555664
3,0.6795682907104492,0.6696374416351318,0.6800000071525574,0.7249999642372131,0.07067131996154785
3,0.6482105851173401,0.6424880027770996,0.6930000185966492,0.73499995470047,0.07436537742614746
3,0.6185827255249023,0.6171988844871521,0.7240000367164612,0.7649999856948853,0.07806015014648438
3,0.5916290879249573,0.5934764742851257,0.7640000581741333,0.7849999666213989,0.081634521484375
3,0.5678130984306335,0.5729540586471558,0.7900000214576721,0.7949999570846558,0.08524489402770996
3,0.5470005869865417,0.5560367703437805,0.7910000085830688,0.7799999713897705,0.15695762634277344
3,0.5287770628929138,0.5392756462097168,0.7970000505447388,0.7774999737739563,0.1608281135559082
3,0.5110799074172974,0.5213558673858643,0.8010000586509705,0.7799999713897705,0.164581298828125
3,0.4930769205093384,0.5025477409362793,0.8060000538825989,0.7749999761581421,0.16815996170043945
3,0.4757634699344635,0.48266905546188354,0.8090000152587891,0.7949999570846558,0.1718921661376953
3,0.46045631170272827,0.46456649899482727,0.8180000185966492,0.8100000023841858,0.17612004280090332
3,0.44737792015075684,0.45262354612350464,0.8200000524520874,0.8075000047683716,0.1799466609954834
3,0.4361185133457184,0.43974918127059937,0.8270000219345093,0.8149999976158142,0.18366694450378418
3,0.42544329166412354,0.43486571311950684,0.8280000686645508,0.8224999904632568,0.18752264976501465
3,0.41098177433013916,0.425861120223999,0.8170000314712524,0.8025000095367432,0.19121050834655762
3,0.3963632583618164,0.4140092730522156,0.831000030040741,0.8199999928474426,0.1947932243347168
3,0.38542407751083374,0.4123777747154236,0.8280000686645508,0.8025000095367432,0.19837474822998047
3,0.3724132478237152,0.39939209818840027,0.8280000686645508,0.7949999570846558,0.20199084281921387
3,0.3588627278804779,0.38621339201927185,0.8350000381469727,0.8149999976158142,0.20576715469360352
3,0.3479689061641693,0.3815641701221466,0.8380000591278076,0.8025000095367432,0.20949602127075195
3,0.33535078167915344,0.3619440793991089,0.843000054359436,0.8174999952316284,0.21309232711791992
3,0.3218611478805542,0.35098007321357727,0.8570000529289246,0.8324999809265137,0.21682286262512207
3,0.311176061630249,0.3454033136367798,0.8630000352859497,0.8399999737739563,0.2208547592163086
3,0.29971322417259216,0.32886165380477905,0.8700000643730164,0.8424999713897705,0.22452163696289062
3,0.28602996468544006,0.3228306174278259,0.8910000324249268,0.8449999690055847,0.22818303108215332
3,0.2747083306312561,0.31356218457221985,0.9010000228881836,0.8449999690055847,0.2317979335784912
3,0.26461857557296753,0.2975439727306366,0.8950000405311584,0.8399999737739563,0.23543572425842285
3,0.2533133327960968,0.29109761118888855,0.909000039100647,0.85999995470047,0.2391049861907959
3,0.2408544421195984,0.27420008182525635,0.9110000729560852,0.8700000047683716,0.24262762069702148
3,0.23099687695503235,0.2640729248523712,0.9190000295639038,0.8799999952316284,0.2464137077331543
3,0.22250983119010925,0.25694751739501953,0.9280000329017639,0.8974999785423279,0.2503349781036377
3,0.21171072125434875,0.24171030521392822,0.9280000329017639,0.8949999809265137,0.25401830673217773
3,0.20176048576831818,0.23061521351337433,0.940000057220459,0.9124999642372131,0.2575860023498535
3,0.1948571354150772,0.2247205674648285,0.9390000700950623,0.9049999713897705,0.26114916801452637
3,0.18759776651859283,0.21279050409793854,0.9420000314712524,0.9274999499320984,0.2646822929382324
3,0.18051062524318695,0.20590558648109436,0.9410000443458557,0.9249999523162842,0.2690856456756592
3,0.17671126127243042,0.204696387052536,0.9490000605583191,0.9274999499320984,0.2737438678741455
3,0.1705397069454193,0.1884024739265442,0.9380000233650208,0.9300000071525574,0.27861809730529785
3,0.1604475975036621,0.18245676159858704,0.9510000348091125,0.9325000047683716,0.2822732925415039
3,0.15265488624572754,0.17294949293136597,0.9500000476837158,0.9325000047683716,0.2860441207885742
3,0.1547265499830246,0.16929742693901062,0.9430000185966492,0.9274999499320984,0.29006195068359375
3,0.14764559268951416,0.1674487441778183,0.9520000219345093,0.9325000047683716,0.2936408519744873
3,0.13757701218128204,0.15015293657779694,0.9580000638961792,0.9424999952316284,0.2973661422729492
3,0.1414051204919815,0.15072093904018402,0.9450000524520874,0.9350000023841858,0.30113744735717773
3,0.1356659084558487,0.15168771147727966,0.9530000686645508,0.9399999976158142,0.30472540855407715
3,0.1278369277715683,0.13812190294265747,0.9580000638961792,0.9399999976158142,0.30829691886901855
3,0.13745549321174622,0.13944751024246216,0.940000057220459,0.9474999904632568,0.3118760585784912
3,0.13207411766052246,0.15535575151443481,0.9500000476837158,0.9375,0.3156931400299072
3,0.12853755056858063,0.1374940425157547,0.9530000686645508,0.949999988079071,0.31954002380371094
3,0.12416482716798782,0.12619538605213165,0.9470000267028809,0.949999988079071,0.3231620788574219
3,0.1086355671286583,0.11708566546440125,0.9600000381469727,0.9574999809265137,0.32688021659851074
3,0.11879363656044006,0.13014890253543854,0.9520000219345093,0.9474999904632568,0.33038973808288574
3,0.11047825217247009,0.12007502466440201,0.9550000429153442,0.9574999809265137,0.33405399322509766
3,0.1050652414560318,0.10458383709192276,0.956000030040741,0.9599999785423279,0.33767008781433105
3,0.10487537086009979,0.11195481568574905,0.9610000252723694,0.9599999785423279,0.3412322998046875
3,0.10215873271226883,0.11513741314411163,0.9610000252723694,0.9524999856948853,0.3449265956878662
3,0.10235007107257843,0.10082776844501495,0.9550000429153442,0.9649999737739563,0.34914231300354004
3,0.09295649826526642,0.09664849191904068,0.9670000672340393,0.9674999713897705,0.3528430461883545
3,0.09829619526863098,0.11034458130598068,0.9630000591278076,0.9524999856948853,0.3572101593017578
3,0.09484759718179703,0.09504441916942596,0.9610000252723694,0.9699999690055847,0.360858678817749
3,0.09064295142889023,0.09284445643424988,0.9640000462532043,0.9649999737739563,0.36447906494140625
3,0.08776171505451202,0.09589201956987381,0.9690000414848328,0.9624999761581421,0.3680860996246338
3,0.08986002951860428,0.09709426015615463,0.9630000591278076,0.9599999785423279,0.37173986434936523
3,0.08611893653869629,0.09204252064228058,0.9670000672340393,0.9649999737739563,0.37542104721069336
3,0.08242981135845184,0.08242003619670868,0.968000054359436,0.9724999666213989,0.37903761863708496
3,0.08190856873989105,0.08886747062206268,0.9670000672340393,0.9674999713897705,0.3829045295715332
3,0.07941969484090805,0.08946739882230759,0.971000075340271,0.9649999737739563,0.3866734504699707
3,0.08088760077953339,0.07781872153282166,0.968000054359436,0.9724999666213989,0.39046692848205566
3,0.07372567802667618,0.07985806465148926,0.9730000495910645,0.9749999642372131,0.39403867721557617
3,0.0749913901090622,0.0841408520936966,0.9750000238418579,0.9724999666213989,0.3976590633392334
3,0.07404626905918121,0.07328622043132782,0.9730000495910645,0.9799999594688416,0.4020557403564453
3,0.07632933557033539,0.08014485985040665,0.9730000495910645,0.9674999713897705,0.40582728385925293
3,0.09061119705438614,0.0975101888179779,0.9700000286102295,0.9574999809265137,0.40942931175231934
3,0.08539263159036636,0.0845736712217331,0.9670000672340393,0.9699999690055847,0.4130253791809082
3,0.08591850847005844,0.08897103369235992,0.9690000414848328,0.9599999785423279,0.41673994064331055
3,0.07188430428504944,0.07219627499580383,0.968000054359436,0.9699999690055847,0.4203064441680908
3,0.09742911159992218,0.10178551077842712,0.9590000510215759,0.9449999928474426,0.4238393306732178
3,0.0904756411910057,0.09439212828874588,0.9720000624656677,0.9599999785423279,0.4279465675354004
3,0.08731834590435028,0.08258609473705292,0.9660000205039978,0.9674999713897705,0.431973934173584
3,0.0838676318526268,0.09244830906391144,0.9670000672340393,0.9549999833106995,0.4356822967529297
3,0.07078016549348831,0.08236172795295715,0.9790000319480896,0.9699999690055847,0.43929338455200195
3,0.07538364082574844,0.08057552576065063,0.9720000624656677,0.9599999785423279,0.44283604621887207
3,0.07521501928567886,0.077878437936306,0.9650000333786011,0.9649999737739563,0.5116991996765137
3,0.0724494531750679,0.07038340717554092,0.9700000286102295,0.9674999713897705,0.5161569118499756
3,0.07114315032958984,0.09105085581541061,0.9760000705718994,0.9699999690055847,0.5199987888336182
3,0.06263752281665802,0.06971357017755508,0.9770000576972961,0.9774999618530273,0.5237152576446533
3,0.07035690546035767,0.06258321553468704,0.9730000495910645,0.98499995470047,0.5273308753967285
3,0.06075795367360115,0.0677790567278862,0.9800000190734863,0.9724999666213989,0.5310318470001221
3,0.06798002868890762,0.08536358177661896,0.9760000705718994,0.9674999713897705,0.5348758697509766
3,0.05605654418468475,0.06383786350488663,0.9800000190734863,0.9749999642372131,0.5384864807128906
3,0.06414956599473953,0.0664900466799736,0.9800000190734863,0.9699999690055847,0.5420937538146973
3,0.054637543857097626,0.05940303951501846,0.9850000739097595,0.9799999594688416,0.5464885234832764
3,0.061326660215854645,0.07721855491399765,0.9800000190734863,0.9699999690055847,0.5502254962921143
3,0.05330946296453476,0.05918901786208153,0.984000027179718,0.9824999570846558,0.5538568496704102
3,0.05836164578795433,0.057068273425102234,0.9810000658035278,0.98499995470047,0.5575382709503174
3,0.05317730829119682,0.06075508892536163,0.9800000190734863,0.9774999618530273,0.5611541271209717
3,0.05587988719344139,0.06849366426467896,0.9850000739097595,0.9699999690055847,0.5650241374969482
3,0.052174054086208344,0.06116342172026634,0.9830000400543213,0.9749999642372131,0.5689852237701416
3,0.05295217037200928,0.05523088574409485,0.984000027179718,0.9749999642372131,0.5726444721221924
3,0.05066237226128578,0.05597919970750809,0.984000027179718,0.9799999594688416,0.5763919353485107
3,0.05122602730989456,0.06181003153324127,0.987000048160553,0.9749999642372131,0.5799975395202637
3,0.04934268817305565,0.05600535497069359,0.987000048160553,0.9799999594688416,0.5837051868438721
3,0.0500626340508461,0.055925365537405014,0.9820000529289246,0.9774999618530273,0.5874888896942139
3,0.04815174639225006,0.0525653138756752,0.9890000224113464,0.9824999570846558,0.5911383628845215
3,0.04860197380185127,0.0582912340760231,0.9860000610351562,0.9799999594688416,0.5952167510986328
3,0.0470464713871479,0.0560293085873127,0.987000048160553,0.9799999594688416,0.5988216400146484
3,0.046892013400793076,0.052907608449459076,0.987000048160553,0.9799999594688416,0.6024963855743408
3,0.04609258100390434,0.050954390317201614,0.9890000224113464,0.9799999594688416,0.6060395240783691
3,0.045610323548316956,0.05712924152612686,0.9890000224113464,0.9774999618530273,0.6097097396850586
3,0.04503955319523811,0.05496363341808319,0.9890000224113464,0.9799999594688416,0.6132917404174805
3,0.04491809755563736,0.05178023874759674,0.9890000224113464,0.9799999594688416,0.6168904304504395
3,0.04434774070978165,0.048460282385349274,0.9920000433921814,0.98499995470047,0.6209192276000977
3,0.04566127434372902,0.05913029611110687,0.9880000352859497,0.9799999594688416,0.6247725486755371
3,0.047435786575078964,0.05300189182162285,0.987000048160553,0.9749999642372131,0.6284267902374268
3,0.056317515671253204,0.07659183442592621,0.9800000190734863,0.9699999690055847,0.6319742202758789
3,0.06998759508132935,0.06901998817920685,0.968000054359436,0.9699999690055847,0.6361508369445801
3,0.09266933798789978,0.13926078379154205,0.9660000205039978,0.9424999952316284,0.639739990234375
3,0.06284993886947632,0.06631191819906235,0.971000075340271,0.9674999713897705,0.6434018611907959
3,0.042222242802381516,0.04854573309421539,0.9880000352859497,0.9874999523162842,0.6474816799163818
3,0.05870210379362106,0.08293234556913376,0.9790000319480896,0.9624999761581421,0.651104211807251
3,0.048862144351005554,0.05319201946258545,0.984000027179718,0.9774999618530273,0.6549351215362549
3,0.042411889880895615,0.05164266750216484,0.9880000352859497,0.9749999642372131,0.658862829208374
3,0.050714727491140366,0.07258310168981552,0.9800000190734863,0.9649999737739563,0.6625454425811768
3,0.04103001207113266,0.046993687748909,0.9880000352859497,0.9824999570846558,0.6663289070129395
3,0.045500561594963074,0.05363648757338524,0.9830000400543213,0.9724999666213989,0.6700117588043213
3,0.04505216330289841,0.0635516420006752,0.9820000529289246,0.9749999642372131,0.6736223697662354
3,0.04006853699684143,0.04990074038505554,0.9910000562667847,0.9774999618530273,0.6773209571838379
3,0.04510844126343727,0.047522056847810745,0.9860000610351562,0.9774999618530273,0.6809897422790527
3,0.04161350429058075,0.054350677877664566,0.9850000739097595,0.9749999642372131,0.6848680973052979
3,0.041253432631492615,0.057279396802186966,0.9860000610351562,0.9749999642372131,0.68853759765625
3,0.041296567767858505,0.046720027923583984,0.9880000352859497,0.9824999570846558,0.6922092437744141
3,0.04102582484483719,0.04996585473418236,0.984000027179718,0.9749999642372131,0.6959638595581055
3,0.03802405670285225,0.05094436556100845,0.9880000352859497,0.9774999618530273,0.699603796005249
3,0.04109223186969757,0.051191963255405426,0.9910000562667847,0.9774999618530273,0.7031843662261963
3,0.037678610533475876,0.04767337441444397,0.9880000352859497,0.9774999618530273,0.7068378925323486
3,0.03749658539891243,0.04818778112530708,0.9890000224113464,0.9799999594688416,0.7104403972625732
3,0.038620855659246445,0.047623053193092346,0.9920000433921814,0.98499995470047,0.7142837047576904
3,0.03556222468614578,0.04764754697680473,0.9900000691413879,0.9774999618530273,0.7180013656616211
3,0.03745781630277634,0.046979472041130066,0.9890000224113464,0.9799999594688416,0.7222542762756348
3,0.035527490079402924,0.04261096566915512,0.9930000305175781,0.9874999523162842,0.7264392375946045
3,0.035414885729551315,0.045834604650735855,0.9910000562667847,0.9799999594688416,0.7304487228393555
3,0.0349673293530941,0.04666604846715927,0.9910000562667847,0.9799999594688416,0.7345826625823975
3,0.03460206836462021,0.043448980897665024,0.9930000305175781,0.98499995470047,0.7385461330413818
3,0.03421376273036003,0.04398658871650696,0.9930000305175781,0.98499995470047,0.7426576614379883
3,0.0339304581284523,0.0461665578186512,0.9920000433921814,0.9799999594688416,0.7462847232818604
3,0.03396456316113472,0.042092736810445786,0.9920000433921814,0.98499995470047,0.7499377727508545
3,0.032967522740364075,0.043406009674072266,0.9920000433921814,0.9799999594688416,0.753596305847168
3,0.03389058634638786,0.045716337859630585,0.9890000224113464,0.9774999618530273,0.7576463222503662
3,0.03299611061811447,0.04328300803899765,0.9930000305175781,0.9799999594688416,0.7612624168395996
3,0.03371863812208176,0.04070693999528885,0.9930000305175781,0.98499995470047,0.7653346061706543
3,0.03447866067290306,0.048067107796669006,0.9910000562667847,0.9749999642372131,0.7690355777740479
3,0.035569943487644196,0.04180785268545151,0.9900000691413879,0.9874999523162842,0.7726116180419922
3,0.03808749094605446,0.04902071878314018,0.9900000691413879,0.9799999594688416,0.7761836051940918
3,0.03848642855882645,0.04498609900474548,0.9880000352859497,0.9799999594688416,0.7797698974609375
3,0.037456512451171875,0.05199209228157997,0.9900000691413879,0.9749999642372131,0.784005880355835
3,0.032823387533426285,0.03984539210796356,0.9930000305175781,0.9824999570846558,0.7881269454956055
3,0.03067122958600521,0.04155554622411728,0.9940000176429749,0.9824999570846558,0.7918310165405273
3,0.031459156423807144,0.04397531971335411,0.9920000433921814,0.9749999642372131,0.7954561710357666
3,0.033632535487413406,0.041342854499816895,0.9910000562667847,0.9799999594688416,0.7991247177124023
3,0.03406303748488426,0.047154393047094345,0.9920000433921814,0.9799999594688416,0.867804765701294
3,0.031203826889395714,0.03886822983622551,0.9930000305175781,0.9824999570846558,0.8715240955352783
3,0.029309578239917755,0.04183989018201828,0.9950000643730164,0.9774999618530273,0.8753774166107178
3,0.029870644211769104,0.04310547932982445,0.9930000305175781,0.9799999594688416,0.8795137405395508
3,0.03148945793509483,0.03807796910405159,0.9930000305175781,0.9899999499320984,0.8839073181152344
3,0.03143145516514778,0.044230807572603226,0.9920000433921814,0.9799999594688416,0.8875551223754883
3,0.029793154448270798,0.03984467685222626,0.9940000176429749,0.9774999618530273,0.892125129699707
3,0.028262361884117126,0.03941965103149414,0.9950000643730164,0.9824999570846558,0.8958873748779297
3,0.02810586988925934,0.039684657007455826,0.9950000643730164,0.9824999570846558,0.8994688987731934
3,0.0289315152913332,0.038304369896650314,0.9950000643730164,0.98499995470047,0.9033236503601074
3,0.029419107362627983,0.042193833738565445,0.9930000305175781,0.9824999570846558,0.9069950580596924
3,0.02876308001577854,0.038112472742795944,0.9950000643730164,0.9824999570846558,0.9112169742584229
3,0.027586815878748894,0.04054616019129753,0.9950000643730164,0.9799999594688416,0.9154443740844727
3,0.02685326524078846,0.03875579684972763,0.9960000514984131,0.9824999570846558,0.9194657802581787
3,0.026947475969791412,0.03803648799657822,0.9950000643730164,0.98499995470047,0.9233970642089844
3,0.02738174796104431,0.039908088743686676,0.9950000643730164,0.9824999570846558,0.9274799823760986
3,0.02751833386719227,0.03716891631484032,0.9960000514984131,0.9874999523162842,0.9320838451385498
3,0.027092143893241882,0.040319234132766724,0.9960000514984131,0.9799999594688416,0.9361135959625244
3,0.026393502950668335,0.03618200868368149,0.9970000386238098,0.98499995470047,0.940265417098999
3,0.025746041908860207,0.038211241364479065,0.9970000386238098,0.9799999594688416,0.9445490837097168
3,0.02551664412021637,0.0376308411359787,0.9970000386238098,0.9824999570846558,0.9488096237182617
3,0.025592105463147163,0.03660539537668228,0.9970000386238098,0.98499995470047,0.9533970355987549
3,0.025838010013103485,0.039715252816677094,0.9950000643730164,0.9824999570846558,0.9577717781066895
3,0.02595551311969757,0.03625471889972687,0.9970000386238098,0.9899999499320984,0.9618735313415527
3,0.02589467726647854,0.03952799737453461,0.9960000514984131,0.9824999570846558,0.966681957244873
3,0.025573238730430603,0.035410623997449875,0.9960000514984131,0.98499995470047,0.9709830284118652
3,0.025157835334539413,0.03855861350893974,0.9960000514984131,0.9824999570846558,0.9750308990478516
3,0.02466270700097084,0.03589360788464546,0.9970000386238098,0.9824999570846558,0.9786553382873535
3,0.024260755628347397,0.036332543939352036,0.9970000386238098,0.9824999570846558,0.9822230339050293
3,0.023912575095891953,0.03612598776817322,0.9970000386238098,0.98499995470047,0.9864742755889893
3,0.023717600852251053,0.03611065074801445,0.9970000386238098,0.98499995470047,0.9901070594787598
3,0.023641852661967278,0.03623015061020851,0.9970000386238098,0.98499995470047,0.9940168857574463
3,0.023638270795345306,0.035424038767814636,0.9970000386238098,0.9824999570846558,0.9977304935455322
3,0.023800401017069817,0.03707963600754738,0.9960000514984131,0.9824999570846558,1.0013761520385742
3,0.02409019134938717,0.0345986969769001,0.9960000514984131,0.9824999570846558,1.0050921440124512
3,0.024730151519179344,0.038658369332551956,0.9950000643730164,0.9824999570846558,1.0087628364562988
3,0.025528443977236748,0.034822508692741394,0.9950000643730164,0.9899999499320984,1.0124778747558594
3,0.026684852316975594,0.04208680987358093,0.9930000305175781,0.9824999570846558,1.0160760879516602
3,0.026826003566384315,0.0350642129778862,0.9930000305175781,0.9899999499320984,1.01971435546875
3,0.026204708963632584,0.04192075878381729,0.9930000305175781,0.9799999594688416,1.0234277248382568
3,0.02399728074669838,0.03464965149760246,0.9950000643730164,0.98499995470047,1.0269968509674072
3,0.022341398522257805,0.03528113663196564,0.9970000386238098,0.9824999570846558,1.030754566192627
3,0.022167077288031578,0.03576049208641052,0.9970000386238098,0.9799999594688416,1.034447193145752
3,0.023196488618850708,0.033476416021585464,0.9960000514984131,0.9899999499320984,1.038055419921875
3,0.02442408725619316,0.03920707851648331,0.9940000176429749,0.9824999570846558,1.0415973663330078
