run_id,train_loss,test_loss,train_acc,test_acc,time
1,1.387014627456665,1.3879382610321045,0.25,0.25,0.0
1,1.1809124946594238,1.17728590965271,0.6300000548362732,0.6549999713897705,0.03423023223876953
1,1.0484622716903687,1.0397387742996216,0.6240000128746033,0.6324999928474426,0.038665056228637695
1,0.9595814943313599,0.9461643695831299,0.6310000419616699,0.6574999690055847,0.042253732681274414
1,0.901278555393219,0.8842025995254517,0.6270000338554382,0.6574999690055847,0.04560065269470215
1,0.8630122542381287,0.8441208004951477,0.6320000290870667,0.675000011920929,0.049080610275268555
1,0.8354259729385376,0.8173410296440125,0.625,0.6624999642372131,0.05259895324707031
1,0.8126784563064575,0.7970824241638184,0.6300000548362732,0.6549999713897705,0.05610299110412598
1,0.7922306656837463,0.7801363468170166,0.6370000243186951,0.6599999666213989,0.059615135192871094
1,0.7739593386650085,0.7662427425384521,0.6340000033378601,0.6599999666213989,0.06294822692871094
1,0.7575563788414001,0.7546097040176392,0.6390000581741333,0.6674999594688416,0.06656193733215332
1,0.7421717643737793,0.7439223527908325,0.6650000214576721,0.6949999928474426,0.0698995590209961
1,0.7276349663734436,0.7335294485092163,0.6670000553131104,0.6899999976158142,0.07347965240478516
1,0.7139302492141724,0.7229467630386353,0.6820000410079956,0.6924999952316284,0.07686305046081543
1,0.7009297013282776,0.7115797996520996,0.6840000152587891,0.6899999976158142,0.08026933670043945
1,0.6883355379104614,0.6994874477386475,0.6890000104904175,0.6850000023841858,0.08377552032470703
1,0.6763764023780823,0.6871289610862732,0.6880000233650208,0.6850000023841858,0.08739709854125977
1,0.6649857759475708,0.6750990152359009,0.6960000395774841,0.6899999976158142,0.15591740608215332
1,0.6542004346847534,0.6639581918716431,0.7010000348091125,0.6924999952316284,0.15941810607910156
1,0.6438611745834351,0.6538066864013672,0.7040000557899475,0.699999988079071,0.1631011962890625
1,0.6336429715156555,0.6443569660186768,0.7160000205039978,0.7124999761581421,0.1668691635131836
1,0.623441755771637,0.6354573965072632,0.7210000157356262,0.7174999713897705,0.17038416862487793
1,0.6136095523834229,0.6271495819091797,0.7300000190734863,0.73499995470047,0.17384910583496094
1,0.6041459441184998,0.6190984845161438,0.737000048160553,0.7450000047683716,0.17753028869628906
1,0.5948355197906494,0.6108004450798035,0.7440000176429749,0.7524999976158142,0.18098807334899902
1,0.5855949521064758,0.6018733382225037,0.7500000596046448,0.7549999952316284,0.18469452857971191
1,0.5765988230705261,0.5925719141960144,0.753000020980835,0.7574999928474426,0.18837881088256836
1,0.5679839253425598,0.5833175182342529,0.7550000548362732,0.762499988079071,0.19168448448181152
1,0.5596944093704224,0.5745179653167725,0.7610000371932983,0.7674999833106995,0.1953263282775879
1,0.5514536499977112,0.566260814666748,0.7690000534057617,0.7724999785423279,0.198714017868042
1,0.5432451963424683,0.5585253238677979,0.7760000228881836,0.7799999713897705,0.20214152336120605
1,0.5351466536521912,0.5511568784713745,0.7860000133514404,0.7824999690055847,0.20550847053527832
1,0.5272727012634277,0.5438446998596191,0.7880000472068787,0.7899999618530273,0.20882248878479004
1,0.5196564793586731,0.5364527702331543,0.7920000553131104,0.7924999594688416,0.2122173309326172
1,0.5123255848884583,0.5290401577949524,0.7910000085830688,0.79749995470047,0.21567082405090332
1,0.505207896232605,0.5217179656028748,0.7980000376701355,0.79749995470047,0.21896958351135254
1,0.4982312023639679,0.5145314931869507,0.8010000586509705,0.8025000095367432,0.2223374843597412
1,0.49122288823127747,0.5074372887611389,0.8090000152587891,0.7999999523162842,0.22561144828796387
1,0.4842025339603424,0.5004950761795044,0.8130000233650208,0.8075000047683716,0.22907066345214844
1,0.4772278368473053,0.49375733733177185,0.8160000443458557,0.8199999928474426,0.23281455039978027
1,0.4703191816806793,0.4871577024459839,0.8200000524520874,0.8174999952316284,0.23767733573913574
1,0.46356067061424255,0.4807160198688507,0.8240000605583191,0.8199999928474426,0.2411787509918213
1,0.4570419490337372,0.47447025775909424,0.8240000605583191,0.8224999904632568,0.24443435668945312
1,0.4507332146167755,0.46845802664756775,0.8270000219345093,0.8224999904632568,0.24783658981323242
1,0.44459283351898193,0.46269741654396057,0.8290000557899475,0.824999988079071,0.2511599063873291
1,0.43852007389068604,0.4571281671524048,0.8360000252723694,0.8274999856948853,0.25472497940063477
1,0.4324788451194763,0.45159807801246643,0.8390000462532043,0.8274999856948853,0.25833940505981445
1,0.42651045322418213,0.4459248483181,0.8420000672340393,0.8299999833106995,0.2621297836303711
1,0.420583575963974,0.439951092004776,0.843000054359436,0.8299999833106995,0.26544785499572754
1,0.41479477286338806,0.4339204430580139,0.8440000414848328,0.8299999833106995,0.26874303817749023
1,0.40917420387268066,0.4280891716480255,0.8490000367164612,0.8324999809265137,0.2721588611602783
1,0.4036196768283844,0.42253783345222473,0.8530000448226929,0.8349999785423279,0.2758946418762207
1,0.398093044757843,0.4172559380531311,0.8580000400543213,0.8349999785423279,0.2792377471923828
1,0.3926297724246979,0.4121864438056946,0.8600000143051147,0.8374999761581421,0.282606840133667
1,0.3872959017753601,0.4071551561355591,0.8600000143051147,0.8374999761581421,0.28584766387939453
1,0.3820793926715851,0.40208545327186584,0.8630000352859497,0.8449999690055847,0.2892606258392334
1,0.37697744369506836,0.39695271849632263,0.8650000691413879,0.8474999666213989,0.2925684452056885
1,0.3719923794269562,0.39189380407333374,0.8660000562667847,0.8499999642372131,0.29618120193481445
1,0.3671095073223114,0.387013703584671,0.8680000305175781,0.8499999642372131,0.29953789710998535
1,0.36231884360313416,0.38238799571990967,0.8700000643730164,0.8499999642372131,0.30289578437805176
1,0.35762259364128113,0.3779306411743164,0.8730000257492065,0.8549999594688416,0.30687546730041504
1,0.3530156910419464,0.3735027313232422,0.8760000467300415,0.85999995470047,0.31027960777282715
1,0.3485037684440613,0.3690296411514282,0.878000020980835,0.85999995470047,0.3136465549468994
1,0.34409114718437195,0.36457356810569763,0.8810000419616699,0.85999995470047,0.3182382583618164
1,0.3397636115550995,0.36021000146865845,0.8850000500679016,0.8624999523162842,0.3216886520385742
1,0.3355075716972351,0.3559691607952118,0.8870000243186951,0.8624999523162842,0.3251640796661377
1,0.33133113384246826,0.3518030047416687,0.8890000581741333,0.8675000071525574,0.3284304141998291
1,0.32722803950309753,0.347677081823349,0.89000004529953,0.8700000047683716,0.3318345546722412
1,0.32319891452789307,0.3435651659965515,0.893000066280365,0.8725000023841858,0.33563852310180664
1,0.319254606962204,0.3395160436630249,0.8970000147819519,0.8774999976158142,0.33899354934692383
1,0.3154018521308899,0.3355981409549713,0.8990000486373901,0.8774999976158142,0.3428337574005127
1,0.31162792444229126,0.33185136318206787,0.9030000567436218,0.8774999976158142,0.3462824821472168
1,0.30792859196662903,0.3282316327095032,0.9050000309944153,0.8824999928474426,0.34964489936828613
1,0.30431610345840454,0.32468265295028687,0.909000039100647,0.8849999904632568,0.3529551029205322
1,0.3007974624633789,0.3211574852466583,0.9130000472068787,0.8849999904632568,0.3563268184661865
1,0.2973688244819641,0.3176456391811371,0.9140000343322754,0.8849999904632568,0.35962367057800293
1,0.29401272535324097,0.3142063021659851,0.9160000681877136,0.8849999904632568,0.36288928985595703
1,0.2907201945781708,0.3108339011669159,0.9170000553131104,0.8899999856948853,0.3663787841796875
1,0.28748762607574463,0.30754032731056213,0.9180000424385071,0.8899999856948853,0.3699615001678467
1,0.28430885076522827,0.30431807041168213,0.9200000166893005,0.8924999833106995,0.3735535144805908
1,0.2811773121356964,0.30112552642822266,0.9220000505447388,0.8974999785423279,0.37744951248168945
1,0.278083860874176,0.29795217514038086,0.9240000247955322,0.8999999761581421,0.380995512008667
1,0.27511245012283325,0.2949245870113373,0.9240000247955322,0.8999999761581421,0.38485002517700195
1,0.27218544483184814,0.29195570945739746,0.9260000586509705,0.9074999690055847,0.38863611221313477
1,0.2692852318286896,0.28903329372406006,0.9280000329017639,0.9099999666213989,0.39250850677490234
1,0.26644936203956604,0.28615209460258484,0.9300000667572021,0.9124999642372131,0.3959810733795166
1,0.2637065649032593,0.2833256423473358,0.9310000538825989,0.9124999642372131,0.3994150161743164
1,0.26100754737854004,0.2805193066596985,0.9310000538825989,0.9149999618530273,0.40271902084350586
1,0.2583475708961487,0.27772143483161926,0.9320000410079956,0.9124999642372131,0.4060814380645752
1,0.2557256817817688,0.2749723792076111,0.9330000281333923,0.9124999642372131,0.4094667434692383
1,0.25316688418388367,0.27232494950294495,0.9330000281333923,0.9149999618530273,0.4127817153930664
1,0.2506648302078247,0.2697579264640808,0.9340000152587891,0.9199999570846558,0.41687607765197754
1,0.2482021152973175,0.2672090232372284,0.9340000152587891,0.9199999570846558,0.42029380798339844
1,0.2457757443189621,0.2646677494049072,0.9350000619888306,0.9249999523162842,0.4239661693572998
1,0.2434045374393463,0.26220208406448364,0.937000036239624,0.9249999523162842,0.48944091796875
1,0.24108567833900452,0.25979670882225037,0.937000036239624,0.9249999523162842,0.4929232597351074
1,0.2388148158788681,0.25743839144706726,0.9380000233650208,0.9249999523162842,0.4963526725769043
1,0.2365773320198059,0.2551161050796509,0.937000036239624,0.9300000071525574,0.500298261642456
1,0.234381765127182,0.2527916133403778,0.9380000233650208,0.9300000071525574,0.5039215087890625
1,0.23222921788692474,0.25046011805534363,0.937000036239624,0.9300000071525574,0.5074939727783203
1,0.2301114946603775,0.2481551319360733,0.9380000233650208,0.9300000071525574,0.5110228061676025
1,0.22802390158176422,0.24587135016918182,0.9380000233650208,0.9274999499320984,0.5145807266235352
1,0.22596746683120728,0.2436279058456421,0.9390000700950623,0.9249999523162842,0.5183620452880859
1,0.22394433617591858,0.24149467051029205,0.9390000700950623,0.9249999523162842,0.5219986438751221
1,0.22195272147655487,0.23944883048534393,0.9410000443458557,0.9300000071525574,0.5253818035125732
1,0.21999703347682953,0.23741155862808228,0.9410000443458557,0.9300000071525574,0.5286567211151123
1,0.2180708795785904,0.2353704571723938,0.9410000443458557,0.9300000071525574,0.5322566032409668
1,0.21618257462978363,0.23333780467510223,0.9410000443458557,0.9300000071525574,0.5356600284576416
1,0.21432648599147797,0.23129789531230927,0.9420000314712524,0.9325000047683716,0.5391044616699219
1,0.21249543130397797,0.22931285202503204,0.9430000185966492,0.9325000047683716,0.5425071716308594
1,0.2106884866952896,0.2273879200220108,0.9440000653266907,0.9325000047683716,0.5460693836212158
1,0.20890045166015625,0.22546957433223724,0.9440000653266907,0.9325000047683716,0.549461841583252
1,0.20712804794311523,0.2235538810491562,0.9440000653266907,0.9325000047683716,0.552757740020752
1,0.20538026094436646,0.2216539829969406,0.9440000653266907,0.9325000047683716,0.5563652515411377
1,0.2036849409341812,0.21981534361839294,0.9450000524520874,0.9325000047683716,0.5599267482757568
1,0.2020365595817566,0.21805131435394287,0.9460000395774841,0.9325000047683716,0.563281774520874
1,0.20040178298950195,0.2162887454032898,0.9470000267028809,0.9325000047683716,0.5666978359222412
1,0.1987551599740982,0.21447692811489105,0.9480000734329224,0.9350000023841858,0.5701253414154053
1,0.19716127216815948,0.21271097660064697,0.9480000734329224,0.9350000023841858,0.5734407901763916
1,0.19561702013015747,0.21103805303573608,0.9490000605583191,0.9350000023841858,0.5774462223052979
1,0.1940642148256302,0.20930063724517822,0.9490000605583191,0.9399999976158142,0.5812022686004639
1,0.19252340495586395,0.20751535892486572,0.9490000605583191,0.9399999976158142,0.584580659866333
1,0.19101645052433014,0.20578573644161224,0.9490000605583191,0.9399999976158142,0.588355541229248
1,0.18955284357070923,0.2041432410478592,0.9480000734329224,0.9399999976158142,0.5916657447814941
1,0.18810227513313293,0.2025551050901413,0.9480000734329224,0.9399999976158142,0.5950303077697754
1,0.1866694688796997,0.20099927484989166,0.9480000734329224,0.9399999976158142,0.5984511375427246
1,0.18526019155979156,0.19945964217185974,0.9480000734329224,0.9399999976158142,0.6017513275146484
1,0.18387576937675476,0.1978939175605774,0.9480000734329224,0.9424999952316284,0.6050739288330078
1,0.18250006437301636,0.19633892178535461,0.9480000734329224,0.9424999952316284,0.6084227561950684
1,0.18112631142139435,0.1947667896747589,0.9480000734329224,0.9424999952316284,0.6117439270019531
1,0.17976953089237213,0.19319739937782288,0.9480000734329224,0.9449999928474426,0.6151349544525146
1,0.17845213413238525,0.1917189657688141,0.9480000734329224,0.9449999928474426,0.6184399127960205
1,0.17717203497886658,0.19028931856155396,0.9480000734329224,0.9449999928474426,0.6218662261962891
1,0.17591449618339539,0.18886016309261322,0.9470000267028809,0.9474999904632568,0.6252453327178955
1,0.17466555535793304,0.18745727837085724,0.9470000267028809,0.949999988079071,0.6287593841552734
1,0.1734224259853363,0.18606790900230408,0.9500000476837158,0.949999988079071,0.6321873664855957
1,0.1721901297569275,0.18466556072235107,0.9500000476837158,0.949999988079071,0.6358065605163574
1,0.17097921669483185,0.18330803513526917,0.9500000476837158,0.949999988079071,0.6394124031066895
1,0.1697910577058792,0.18200010061264038,0.9500000476837158,0.949999988079071,0.6426804065704346
1,0.1686270534992218,0.18070295453071594,0.9500000476837158,0.949999988079071,0.6460006237030029
1,0.16748346388339996,0.17945069074630737,0.9500000476837158,0.949999988079071,0.6494896411895752
1,0.16634953022003174,0.17821897566318512,0.9490000605583191,0.9524999856948853,0.6528255939483643
1,0.16522102057933807,0.17696323990821838,0.9490000605583191,0.9524999856948853,0.6562485694885254
1,0.16409832239151,0.1757267415523529,0.9490000605583191,0.9549999833106995,0.6595878601074219
1,0.16298586130142212,0.17450203001499176,0.9490000605583191,0.9524999856948853,0.6629927158355713
1,0.16188958287239075,0.1732579469680786,0.9490000605583191,0.9524999856948853,0.6662590503692627
1,0.16081123054027557,0.1720646619796753,0.9490000605583191,0.9524999856948853,0.6697123050689697
1,0.1597478985786438,0.1709132045507431,0.9500000476837158,0.9524999856948853,0.6732044219970703
1,0.15870210528373718,0.16973261535167694,0.9500000476837158,0.9524999856948853,0.6765258312225342
1,0.1576738804578781,0.168607696890831,0.9500000476837158,0.9524999856948853,0.6799204349517822
1,0.1566583663225174,0.16747084259986877,0.9500000476837158,0.9524999856948853,0.6832718849182129
1,0.1556636244058609,0.1663249135017395,0.9500000476837158,0.9549999833106995,0.6865923404693604
1,0.15468689799308777,0.16527409851551056,0.9510000348091125,0.9549999833106995,0.6899187564849854
1,0.1537286937236786,0.16420398652553558,0.9520000219345093,0.9549999833106995,0.693462610244751
1,0.1527804583311081,0.16311857104301453,0.9520000219345093,0.9549999833106995,0.6969592571258545
1,0.1518343985080719,0.16211457550525665,0.9530000686645508,0.9549999833106995,0.7003507614135742
1,0.1508965641260147,0.16109536588191986,0.9530000686645508,0.9549999833106995,0.7038025856018066
1,0.1499689817428589,0.16010341048240662,0.9540000557899475,0.9549999833106995,0.707404375076294
1,0.1490558236837387,0.15914063155651093,0.9540000557899475,0.9549999833106995,0.7106630802154541
1,0.14815644919872284,0.15812841057777405,0.9540000557899475,0.9549999833106995,0.713984489440918
1,0.14726972579956055,0.15714362263679504,0.9540000557899475,0.9549999833106995,0.7174010276794434
1,0.14639708399772644,0.15628744661808014,0.9540000557899475,0.9549999833106995,0.7208869457244873
1,0.14553618431091309,0.15542389452457428,0.9540000557899475,0.9549999833106995,0.7242817878723145
1,0.14469648897647858,0.15451766550540924,0.9540000557899475,0.9549999833106995,0.7277233600616455
1,0.1438695639371872,0.15370261669158936,0.9540000557899475,0.9549999833106995,0.7310616970062256
1,0.1430530548095703,0.15285421907901764,0.9540000557899475,0.9549999833106995,0.7343924045562744
1,0.1422489434480667,0.15198197960853577,0.9540000557899475,0.9549999833106995,0.7382159233093262
1,0.1414453536272049,0.1511458456516266,0.9540000557899475,0.9549999833106995,0.7415950298309326
1,0.14065293967723846,0.15030519664287567,0.9540000557899475,0.9549999833106995,0.7449526786804199
1,0.1398685723543167,0.14942409098148346,0.9540000557899475,0.9549999833106995,0.7484021186828613
1,0.1390945166349411,0.14861918985843658,0.9540000557899475,0.9549999833106995,0.7517518997192383
1,0.1383287012577057,0.14780649542808533,0.9540000557899475,0.9524999856948853,0.8165810108184814
1,0.13757069408893585,0.14702634513378143,0.9540000557899475,0.9524999856948853,0.8201556205749512
1,0.13682261109352112,0.14633797109127045,0.9540000557899475,0.9524999856948853,0.8237082958221436
1,0.13608630001544952,0.14555193483829498,0.9540000557899475,0.9524999856948853,0.8275740146636963
1,0.13536661863327026,0.14473192393779755,0.9540000557899475,0.9524999856948853,0.8309323787689209
1,0.134650319814682,0.14398346841335297,0.9540000557899475,0.9524999856948853,0.834298849105835
1,0.13394075632095337,0.14327573776245117,0.9540000557899475,0.9524999856948853,0.8377246856689453
1,0.13324138522148132,0.14254455268383026,0.9540000557899475,0.9524999856948853,0.8412144184112549
1,0.13255472481250763,0.14187051355838776,0.9540000557899475,0.9524999856948853,0.844566822052002
1,0.13187344372272491,0.14117321372032166,0.9540000557899475,0.9524999856948853,0.847970724105835
1,0.13119609653949738,0.1404518336057663,0.9540000557899475,0.9524999856948853,0.8512740135192871
1,0.1305297315120697,0.13978078961372375,0.9540000557899475,0.9524999856948853,0.854578971862793
1,0.12986990809440613,0.1391603797674179,0.9540000557899475,0.9524999856948853,0.8580360412597656
1,0.12921594083309174,0.13850128650665283,0.9540000557899475,0.9524999856948853,0.8618330955505371
1,0.1285688430070877,0.13795484602451324,0.9540000557899475,0.9524999856948853,0.8652827739715576
1,0.12792861461639404,0.137374609708786,0.9550000429153442,0.9549999833106995,0.8686947822570801
1,0.12729515135288239,0.1366979032754898,0.9550000429153442,0.9549999833106995,0.8721268177032471
1,0.1266646683216095,0.13610181212425232,0.9550000429153442,0.9549999833106995,0.8758571147918701
1,0.12604154646396637,0.1354803889989853,0.9550000429153442,0.9549999833106995,0.8792507648468018
1,0.1254311203956604,0.13483548164367676,0.9550000429153442,0.9549999833106995,0.8826675415039062
1,0.12483756244182587,0.13429872691631317,0.9550000429153442,0.9549999833106995,0.8859131336212158
1,0.1242561787366867,0.13376063108444214,0.956000030040741,0.9549999833106995,0.8896098136901855
1,0.12368463724851608,0.13317734003067017,0.9570000171661377,0.9549999833106995,0.8930556774139404
1,0.12311916053295135,0.1326300948858261,0.9570000171661377,0.9549999833106995,0.8964676856994629
1,0.12255961447954178,0.13203516602516174,0.9570000171661377,0.9549999833106995,0.89994215965271
1,0.1220051646232605,0.13142263889312744,0.9580000638961792,0.9549999833106995,0.9032688140869141
1,0.12145774811506271,0.1308917999267578,0.9580000638961792,0.9549999833106995,0.9066343307495117
1,0.12091477960348129,0.1304359883069992,0.9580000638961792,0.9549999833106995,0.9098994731903076
1,0.12037884443998337,0.1299523413181305,0.9580000638961792,0.9549999833106995,0.9131829738616943
1,0.11985774338245392,0.12943117320537567,0.9580000638961792,0.9549999833106995,0.916874885559082
1,0.11933694779872894,0.12885786592960358,0.9580000638961792,0.9549999833106995,0.9202554225921631
1,0.1188279464840889,0.12829263508319855,0.9580000638961792,0.9549999833106995,0.9236011505126953
1,0.11831855773925781,0.12778730690479279,0.9580000638961792,0.9549999833106995,0.9268662929534912
1,0.11781635135412216,0.1272800862789154,0.9580000638961792,0.9574999809265137,0.930201530456543
1,0.1173195019364357,0.12672331929206848,0.9580000638961792,0.9574999809265137,0.9335355758666992
1,0.1168283224105835,0.12617653608322144,0.9590000510215759,0.9574999809265137,0.9368009567260742
1,0.11634580790996552,0.12567423284053802,0.9590000510215759,0.9574999809265137,0.9404466152191162
1,0.11586541682481766,0.12519927322864532,0.9600000381469727,0.9599999785423279,0.9438226222991943
1,0.11539352685213089,0.12473927438259125,0.9600000381469727,0.9574999809265137,0.9474928379058838
1,0.11491844803094864,0.12425317615270615,0.9600000381469727,0.9599999785423279,0.9508600234985352
1,0.11446675658226013,0.12380290031433105,0.9600000381469727,0.9599999785423279,0.9543061256408691
1,0.11399921774864197,0.12333832681179047,0.9610000252723694,0.9574999809265137,0.9578726291656494
1,0.11354967206716537,0.1228608638048172,0.9610000252723694,0.9574999809265137,0.9612677097320557
1,0.11310657858848572,0.12238483130931854,0.9610000252723694,0.9574999809265137,0.964637041091919
1,0.11266306787729263,0.1219039335846901,0.9610000252723694,0.9599999785423279,0.9684047698974609
1,0.11222556233406067,0.12146401405334473,0.9610000252723694,0.9599999785423279,0.9717521667480469
1,0.1117914468050003,0.12104841321706772,0.9610000252723694,0.9574999809265137,0.9754509925842285
1,0.11137039214372635,0.12058767676353455,0.9610000252723694,0.9574999809265137,0.978891134262085
1,0.11095382273197174,0.12012043595314026,0.9610000252723694,0.9599999785423279,0.9825046062469482
1,0.11053051799535751,0.11974883824586868,0.9610000252723694,0.9599999785423279,0.9858717918395996
1,0.11011741310358047,0.11935479193925858,0.9610000252723694,0.9599999785423279,0.9895031452178955
1,0.10971035063266754,0.11890339851379395,0.9620000720024109,0.9599999785423279,0.992849588394165
1,0.1093081533908844,0.11846248805522919,0.9620000720024109,0.9599999785423279,0.9964287281036377
1,0.10890763252973557,0.11802205443382263,0.9630000591278076,0.9599999785423279,1.0002000331878662
1,0.1085066869854927,0.11765430122613907,0.9630000591278076,0.9574999809265137,1.003570795059204
1,0.1081167683005333,0.11732860654592514,0.9630000591278076,0.9574999809265137,1.0069396495819092
1,0.10773225873708725,0.1169305220246315,0.9630000591278076,0.9574999809265137,1.0106027126312256
1,0.10735280811786652,0.11645009368658066,0.9630000591278076,0.9599999785423279,1.0140767097473145
1,0.10697339475154877,0.11602453142404556,0.9640000462532043,0.9624999761581421,1.0177037715911865
1,0.10659573972225189,0.1156432181596756,0.9650000333786011,0.9624999761581421,1.0210914611816406
1,0.10622620582580566,0.11530299484729767,0.9640000462532043,0.9599999785423279,1.024446725845337
1,0.1058599203824997,0.11496233940124512,0.9640000462532043,0.9599999785423279,1.028024435043335
1,0.10549581050872803,0.11458488553762436,0.9650000333786011,0.9624999761581421,1.0316274166107178
1,0.10513826459646225,0.11416257917881012,0.9650000333786011,0.9624999761581421,1.0354053974151611
1,0.10478468984365463,0.11377906054258347,0.9650000333786011,0.9624999761581421,1.0388619899749756
1,0.10443618893623352,0.11343495547771454,0.9660000205039978,0.9624999761581421,1.0422375202178955
1,0.10409191995859146,0.11309259384870529,0.9660000205039978,0.9624999761581421,1.0455741882324219
1,0.10374622046947479,0.11277046799659729,0.9660000205039978,0.9624999761581421,1.0491480827331543
1,0.10340624302625656,0.1124308705329895,0.9650000333786011,0.9624999761581421,1.0526173114776611
1,0.1030707061290741,0.11208472400903702,0.9650000333786011,0.9624999761581421,1.0559837818145752
1,0.10273437947034836,0.11175475269556046,0.9660000205039978,0.9624999761581421,1.0593550205230713
1,0.10240346193313599,0.11144601553678513,0.9660000205039978,0.9624999761581421,1.0631954669952393
1,0.10208075493574142,0.11112556606531143,0.9650000333786011,0.9624999761581421,1.066643238067627
1,0.10175721347332001,0.11077655851840973,0.9650000333786011,0.9624999761581421,1.0703070163726807
1,0.10144007951021194,0.11047042906284332,0.9650000333786011,0.9624999761581421,1.0743408203125
1,0.10112430155277252,0.11019197106361389,0.9650000333786011,0.9624999761581421,1.0784482955932617
1,0.10080995410680771,0.10993979126214981,0.9660000205039978,0.9624999761581421,1.0818653106689453
1,0.10050424933433533,0.10966075211763382,0.9660000205039978,0.9674999713897705,1.1564357280731201
1,0.10020201653242111,0.10932578891515732,0.9660000205039978,0.9674999713897705,1.160402774810791
1,0.09989888221025467,0.10897238552570343,0.9660000205039978,0.9674999713897705,1.1642682552337646
1,0.09959744662046432,0.10862305015325546,0.9660000205039978,0.9674999713897705,1.1679844856262207
1,0.09930463880300522,0.1083284392952919,0.9660000205039978,0.9674999713897705,1.1715679168701172
1,0.09901353716850281,0.10807356238365173,0.9660000205039978,0.9674999713897705,1.1755354404449463
1,0.09872524440288544,0.10783199965953827,0.9660000205039978,0.9674999713897705,1.1788980960845947
1,0.09843916445970535,0.1075248047709465,0.9660000205039978,0.9674999713897705,1.1822781562805176
1,0.0981568992137909,0.10720235109329224,0.9660000205039978,0.9674999713897705,1.185964822769165
1,0.09787814319133759,0.10691224038600922,0.9660000205039978,0.9674999713897705,1.1896021366119385
1,0.09760414063930511,0.10664542019367218,0.9660000205039978,0.9674999713897705,1.1934494972229004
1,0.09733415395021439,0.10642335563898087,0.9660000205039978,0.9674999713897705,1.1968424320220947
1,0.09706545621156693,0.10616451501846313,0.9660000205039978,0.9674999713897705,1.2004296779632568
1,0.09680069237947464,0.10584518313407898,0.9660000205039978,0.9674999713897705,1.2044346332550049
1,0.09653779119253159,0.10553262382745743,0.9660000205039978,0.9674999713897705,1.2085638046264648
1,0.09627807885408401,0.10524497926235199,0.9660000205039978,0.9674999713897705,1.2121937274932861
1,0.09601984173059464,0.10498625785112381,0.9660000205039978,0.9674999713897705,1.2166187763214111
1,0.095765121281147,0.1047435849905014,0.9660000205039978,0.9674999713897705,1.2204947471618652
1,0.09551648795604706,0.10448861867189407,0.9660000205039978,0.9674999713897705,1.22413969039917
1,0.0952635407447815,0.10424140095710754,0.9660000205039978,0.9674999713897705,1.2279205322265625
1,0.0950181782245636,0.10396674275398254,0.9660000205039978,0.9699999690055847,1.2318212985992432
1,0.09477762132883072,0.10367503762245178,0.9660000205039978,0.9699999690055847,1.2354507446289062
1,0.09453729540109634,0.10342679917812347,0.9670000672340393,0.9699999690055847,1.239363193511963
1,0.09429731220006943,0.10325579345226288,0.9670000672340393,0.9699999690055847,1.2432477474212646
1,0.09406344592571259,0.10306548327207565,0.9670000672340393,0.9674999713897705,1.2474608421325684
1,0.0938308909535408,0.10283584892749786,0.9670000672340393,0.9674999713897705,1.2518880367279053
1,0.09359953552484512,0.10258018225431442,0.9670000672340393,0.9699999690055847,1.2561650276184082
1,0.09337111562490463,0.10232975333929062,0.968000054359436,0.9699999690055847,1.2601268291473389
1,0.09314554184675217,0.1021176129579544,0.968000054359436,0.9699999690055847,1.2636933326721191
1,0.09292192757129669,0.10191524773836136,0.968000054359436,0.9699999690055847,1.26717209815979
1,0.09270139038562775,0.10167592763900757,0.968000054359436,0.9699999690055847,1.2707674503326416
1,0.09248527884483337,0.10143839567899704,0.968000054359436,0.9699999690055847,1.2742955684661865
1,0.09227125346660614,0.10124020278453827,0.968000054359436,0.9699999690055847,1.277979850769043
1,0.09206027537584305,0.10104875266551971,0.968000054359436,0.9699999690055847,1.2815003395080566
1,0.09185235947370529,0.10085038095712662,0.9700000286102295,0.9699999690055847,1.2848782539367676
1,0.0916447713971138,0.1006465032696724,0.9700000286102295,0.9699999690055847,1.2884385585784912
1,0.0914381593465805,0.10042008757591248,0.9700000286102295,0.9699999690055847,1.2918658256530762
1,0.09123747795820236,0.10021629184484482,0.9700000286102295,0.9699999690055847,1.2953646183013916
1,0.09103763103485107,0.10004737228155136,0.9700000286102295,0.9699999690055847,1.299187421798706
1,0.0908387303352356,0.09985542297363281,0.9700000286102295,0.9699999690055847,1.3026366233825684
1,0.09064323455095291,0.09964108467102051,0.9700000286102295,0.9699999690055847,1.3062336444854736
1,0.0904497504234314,0.09943227469921112,0.9700000286102295,0.9699999690055847,1.3097164630889893
1,0.09025970101356506,0.09925767034292221,0.9700000286102295,0.9699999690055847,1.3131663799285889
1,0.09007120877504349,0.09910233318805695,0.971000075340271,0.9699999690055847,1.317124605178833
1,0.08988524228334427,0.09892528504133224,0.971000075340271,0.9699999690055847,1.320441484451294
1,0.0897010937333107,0.09873202443122864,0.971000075340271,0.9699999690055847,1.323793649673462
1,0.08951788395643234,0.09855712950229645,0.971000075340271,0.9699999690055847,1.327934741973877
1,0.08933836221694946,0.09837434440851212,0.971000075340271,0.9699999690055847,1.3314411640167236
1,0.08916112780570984,0.09813977032899857,0.971000075340271,0.9699999690055847,1.3348736763000488
1,0.08898650854825974,0.09794957935810089,0.971000075340271,0.9699999690055847,1.3385496139526367
1,0.08881358057260513,0.09783951938152313,0.971000075340271,0.9699999690055847,1.3423514366149902
1,0.0886419415473938,0.09773322939872742,0.971000075340271,0.9699999690055847,1.3457496166229248
1,0.08847345411777496,0.09755780547857285,0.971000075340271,0.9699999690055847,1.3492331504821777
1,0.08830651640892029,0.0973513126373291,0.9720000624656677,0.9699999690055847,1.3526298999786377
1,0.08814118802547455,0.09716159105300903,0.9720000624656677,0.9699999690055847,1.3559648990631104
1,0.08797981590032578,0.09701170772314072,0.971000075340271,0.9699999690055847,1.359374761581421
1,0.08782057464122772,0.0968673825263977,0.971000075340271,0.9699999690055847,1.3627865314483643
1,0.08766140043735504,0.09673408418893814,0.9720000624656677,0.9699999690055847,1.3663029670715332
1,0.08750293403863907,0.09661159664392471,0.971000075340271,0.9699999690055847,1.3696660995483398
1,0.08734734356403351,0.09647317975759506,0.971000075340271,0.9699999690055847,1.3732945919036865
1,0.08719540387392044,0.0963156446814537,0.9720000624656677,0.9699999690055847,1.376619815826416
1,0.08704507350921631,0.09618060290813446,0.9720000624656677,0.9699999690055847,1.3802237510681152
1,0.08689570426940918,0.09605837613344193,0.9720000624656677,0.9699999690055847,1.383610725402832
1,0.086747907102108,0.09589250385761261,0.9720000624656677,0.9699999690055847,1.3870151042938232
1,0.08660195767879486,0.09571103751659393,0.9730000495910645,0.9699999690055847,1.3903694152832031
1,0.08645889163017273,0.09557264298200607,0.9730000495910645,0.9699999690055847,1.393735408782959
1,0.08631644397974014,0.09544298052787781,0.9730000495910645,0.9699999690055847,1.3971467018127441
1,0.08617454022169113,0.09530980885028839,0.9730000495910645,0.9699999690055847,1.4005458354949951
1,0.0860375314950943,0.09518452733755112,0.9730000495910645,0.9699999690055847,1.4038593769073486
1,0.08590017259120941,0.09506882727146149,0.9730000495910645,0.9699999690055847,1.4071681499481201
1,0.08576299995183945,0.0949397012591362,0.9740000367164612,0.9699999690055847,1.41046142578125
1,0.08563056588172913,0.09477327018976212,0.9740000367164612,0.9699999690055847,1.413809061050415
1,0.0854986310005188,0.094619520008564,0.9740000367164612,0.9699999690055847,1.4174537658691406
1,0.08536720275878906,0.09452163428068161,0.9750000238418579,0.9699999690055847,1.420900821685791
1,0.08523806184530258,0.09444843977689743,0.9750000238418579,0.9699999690055847,1.424283742904663
1,0.08511112630367279,0.0943363755941391,0.9750000238418579,0.9699999690055847,1.4276292324066162
1,0.08498511463403702,0.09418511390686035,0.9750000238418579,0.9699999690055847,1.4309320449829102
1,0.08486215025186539,0.09405142813920975,0.9750000238418579,0.9699999690055847,1.4981327056884766
1,0.08474007248878479,0.09393797814846039,0.9750000238418579,0.9699999690055847,1.5016393661499023
1,0.08461792021989822,0.09382456541061401,0.9750000238418579,0.9699999690055847,1.5051915645599365
1,0.08449728786945343,0.09369588643312454,0.9750000238418579,0.9699999690055847,1.5091874599456787
1,0.08438084274530411,0.0935768187046051,0.9760000705718994,0.9699999690055847,1.5127582550048828
1,0.08426494151353836,0.09346573054790497,0.9760000705718994,0.9699999690055847,1.5164010524749756
1,0.08415012806653976,0.09334493428468704,0.9760000705718994,0.9699999690055847,1.5201771259307861
1,0.08403663337230682,0.09321188181638718,0.9750000238418579,0.9699999690055847,1.5236690044403076
1,0.08392399549484253,0.09310052543878555,0.9750000238418579,0.9699999690055847,1.5275111198425293
1,0.08381276577711105,0.09300745278596878,0.9750000238418579,0.9699999690055847,1.5313324928283691
1,0.08370373398065567,0.09291762113571167,0.9750000238418579,0.9699999690055847,1.5351989269256592
1,0.08359409123659134,0.09281717240810394,0.9750000238418579,0.9699999690055847,1.5387394428253174
1,0.08348891139030457,0.09272443503141403,0.9750000238418579,0.9699999690055847,1.5422086715698242
1,0.0833844542503357,0.09263875335454941,0.9760000705718994,0.9699999690055847,1.5455336570739746
1,0.08328127861022949,0.09252950549125671,0.9760000705718994,0.9699999690055847,1.5492057800292969
1,0.08317695558071136,0.09240098297595978,0.9760000705718994,0.9699999690055847,1.5525214672088623
1,0.08307481557130814,0.09227007627487183,0.9760000705718994,0.9699999690055847,1.5558781623840332
1,0.08297596871852875,0.09216638654470444,0.9760000705718994,0.9699999690055847,1.5596270561218262
1,0.08287707716226578,0.09209074825048447,0.9760000705718994,0.9699999690055847,1.5629832744598389
1,0.08277902007102966,0.09203179180622101,0.9760000705718994,0.9724999666213989,1.5664231777191162
1,0.08268357068300247,0.09196951240301132,0.9760000705718994,0.9724999666213989,1.5697088241577148
1,0.08258824795484543,0.09188899397850037,0.9760000705718994,0.9724999666213989,1.5734431743621826
1,0.08249467611312866,0.09179861098527908,0.9760000705718994,0.9724999666213989,1.576841115951538
1,0.08240307867527008,0.0917007252573967,0.9760000705718994,0.9724999666213989,1.5804290771484375
1,0.08231069147586823,0.09158934652805328,0.9760000705718994,0.9724999666213989,1.5838630199432373
1,0.08222118020057678,0.09147820621728897,0.9760000705718994,0.9724999666213989,1.5872290134429932
1,0.08213365823030472,0.09138183295726776,0.9760000705718994,0.9724999666213989,1.590695858001709
1,0.08204710483551025,0.09130129963159561,0.9760000705718994,0.9724999666213989,1.5941333770751953
1,0.08196072280406952,0.09122272580862045,0.9760000705718994,0.9724999666213989,1.597489595413208
1,0.08187492936849594,0.09114300459623337,0.9760000705718994,0.9724999666213989,1.6013340950012207
1,0.08178994059562683,0.09106232970952988,0.9760000705718994,0.9724999666213989,1.6046321392059326
1,0.08170723170042038,0.09097592532634735,0.9760000705718994,0.9724999666213989,1.608222484588623
1,0.08162718266248703,0.09089189767837524,0.9760000705718994,0.9724999666213989,1.611522912979126
1,0.08154642581939697,0.09081541001796722,0.9760000705718994,0.9724999666213989,1.6148793697357178
1,0.0814669206738472,0.09073349088430405,0.9770000576972961,0.9724999666213989,1.6183500289916992
1,0.08138907700777054,0.0906548947095871,0.9770000576972961,0.9724999666213989,1.6216237545013428
1,0.08131219446659088,0.09058292210102081,0.9770000576972961,0.9724999666213989,1.625070571899414
1,0.08123620599508286,0.0905168429017067,0.9770000576972961,0.9724999666213989,1.6285755634307861
1,0.08116136491298676,0.09045972675085068,0.9770000576972961,0.9724999666213989,1.6319198608398438
1,0.08108720928430557,0.09040293097496033,0.9770000576972961,0.9724999666213989,1.6358120441436768
1,0.08101428300142288,0.09033537656068802,0.9770000576972961,0.9724999666213989,1.6393356323242188
1,0.0809430256485939,0.09025807678699493,0.9770000576972961,0.9724999666213989,1.6426608562469482
1,0.08087291568517685,0.09017451107501984,0.9770000576972961,0.9724999666213989,1.6460106372833252
1,0.08080346137285233,0.09009762108325958,0.9770000576972961,0.9724999666213989,1.6498284339904785
1,0.08073566108942032,0.09003350883722305,0.9770000576972961,0.9724999666213989,1.6532185077667236
1,0.08066960424184799,0.08998136222362518,0.9770000576972961,0.9724999666213989,1.6565039157867432
1,0.08060332387685776,0.08992283046245575,0.9770000576972961,0.9724999666213989,1.6598320007324219
1,0.08053760230541229,0.08985486626625061,0.9770000576972961,0.9724999666213989,1.6632087230682373
1,0.08047416806221008,0.0897880345582962,0.9770000576972961,0.9724999666213989,1.666672945022583
1,0.08041109144687653,0.0897238478064537,0.9770000576972961,0.9724999666213989,1.6701464653015137
1,0.08034876734018326,0.08966434746980667,0.9770000576972961,0.9724999666213989,1.6736788749694824
2,1.4858872890472412,1.4882943630218506,0.08500000089406967,0.0625,0.0
2,1.2373511791229248,1.240850567817688,0.5320000052452087,0.5224999785423279,0.03191804885864258
2,1.0795623064041138,1.0790393352508545,0.6330000162124634,0.6349999904632568,0.0361175537109375
2,0.9770643711090088,0.9710608124732971,0.6650000214576721,0.6899999976158142,0.04003119468688965
2,0.9121759533882141,0.9026905298233032,0.6390000581741333,0.6775000095367432,0.043686628341674805
2,0.8727847933769226,0.8627979755401611,0.6310000419616699,0.6599999666213989,0.04730081558227539
2,0.8476314544677734,0.8381664752960205,0.6140000224113464,0.6349999904632568,0.05068159103393555
2,0.8287623524665833,0.8195217847824097,0.6130000352859497,0.6349999904632568,0.054636478424072266
2,0.8118448257446289,0.8020498156547546,0.6150000095367432,0.6399999856948853,0.05807614326477051
2,0.7967579364776611,0.786173403263092,0.625,0.6524999737739563,0.06140899658203125
2,0.7837361693382263,0.7735586762428284,0.6290000081062317,0.6574999690055847,0.06552529335021973
2,0.7710829377174377,0.7634718418121338,0.6330000162124634,0.6649999618530273,0.06910538673400879
2,0.7579097747802734,0.7548441290855408,0.6380000114440918,0.6624999642372131,0.07265496253967285
2,0.7451217174530029,0.7477738857269287,0.6470000147819519,0.6775000095367432,0.07593584060668945
2,0.7332597374916077,0.7411589622497559,0.6450000405311584,0.6825000047683716,0.07933592796325684
2,0.7217433452606201,0.7332997918128967,0.6530000567436218,0.6674999594688416,0.08259820938110352
2,0.7100502848625183,0.7235465049743652,0.6690000295639038,0.6649999618530273,0.08593535423278809
2,0.6982836127281189,0.7123322486877441,0.6760000586509705,0.675000011920929,0.15467000007629395
2,0.686962366104126,0.7009851932525635,0.6830000281333923,0.6800000071525574,0.15814995765686035
2,0.6763328909873962,0.6905096173286438,0.6910000443458557,0.6850000023841858,0.16151165962219238
2,0.6660318374633789,0.6805969476699829,0.6940000057220459,0.699999988079071,0.1648540496826172
2,0.6556685566902161,0.6707368493080139,0.6990000605583191,0.7049999833106995,0.16812467575073242
2,0.6454211473464966,0.6609849333763123,0.7130000591278076,0.7124999761581421,0.1714470386505127
2,0.6356738209724426,0.6516219973564148,0.7190000414848328,0.7124999761581421,0.17476201057434082
2,0.6262743473052979,0.6425729990005493,0.7240000367164612,0.7274999618530273,0.17811822891235352
2,0.6169750690460205,0.6334665417671204,0.7360000610351562,0.7400000095367432,0.18183279037475586
2,0.6079983711242676,0.6246954202651978,0.7430000305175781,0.7524999976158142,0.18513703346252441
2,0.5995158553123474,0.6164684891700745,0.7570000290870667,0.7649999856948853,0.188676118850708
2,0.5913033485412598,0.60850989818573,0.7660000324249268,0.7699999809265137,0.19209003448486328
2,0.5830925107002258,0.6005508303642273,0.7660000324249268,0.7724999785423279,0.19552016258239746
2,0.5749010443687439,0.5925247669219971,0.7710000276565552,0.7724999785423279,0.19905304908752441
2,0.5669722557067871,0.5845392346382141,0.7740000486373901,0.7749999761581421,0.20288538932800293
2,0.5593751668930054,0.5766847729682922,0.7790000438690186,0.7824999690055847,0.20643854141235352
2,0.5519232749938965,0.5689954161643982,0.781000018119812,0.7849999666213989,0.20985960960388184
2,0.5445873141288757,0.5616301894187927,0.7830000519752502,0.7999999523162842,0.21348977088928223
2,0.5374470353126526,0.5548173189163208,0.7890000343322754,0.8025000095367432,0.21681737899780273
2,0.5304139852523804,0.548347532749176,0.7930000424385071,0.8050000071525574,0.22010016441345215
2,0.523405909538269,0.5418483018875122,0.7980000376701355,0.8025000095367432,0.2237856388092041
2,0.516457736492157,0.5351059436798096,0.800000011920929,0.8025000095367432,0.2272777557373047
2,0.5096427798271179,0.5282109975814819,0.8070000410079956,0.8050000071525574,0.23058080673217773
2,0.5029627680778503,0.5213483572006226,0.812000036239624,0.8050000071525574,0.2340397834777832
2,0.49635884165763855,0.5146223306655884,0.815000057220459,0.8075000047683716,0.23766112327575684
2,0.4898746907711029,0.5081869959831238,0.8230000138282776,0.8149999976158142,0.24092388153076172
2,0.48353537917137146,0.5020332932472229,0.8300000429153442,0.8149999976158142,0.24432635307312012
2,0.4772751033306122,0.496004194021225,0.8340000510215759,0.8149999976158142,0.2477126121520996
2,0.4711011052131653,0.4900779724121094,0.8350000381469727,0.8174999952316284,0.2511787414550781
2,0.46502432227134705,0.4843236804008484,0.8330000638961792,0.8149999976158142,0.25446033477783203
2,0.45901602506637573,0.4786651134490967,0.8330000638961792,0.8224999904632568,0.25807905197143555
2,0.45301201939582825,0.4730429947376251,0.8330000638961792,0.8224999904632568,0.26140904426574707
2,0.4470258951187134,0.4674678146839142,0.8370000123977661,0.8224999904632568,0.26467251777648926
2,0.44110262393951416,0.4619256854057312,0.8410000205039978,0.824999988079071,0.2681541442871094
2,0.4352370798587799,0.45634472370147705,0.8440000414848328,0.8224999904632568,0.2715115547180176
2,0.42944976687431335,0.45066916942596436,0.8480000495910645,0.8224999904632568,0.2747676372528076
2,0.423751562833786,0.44500601291656494,0.8500000238418579,0.824999988079071,0.2782580852508545
2,0.4181526303291321,0.43952304124832153,0.8510000109672546,0.824999988079071,0.2814469337463379
2,0.4126693904399872,0.4342750310897827,0.8540000319480896,0.824999988079071,0.2849156856536865
2,0.40729227662086487,0.42917025089263916,0.8560000658035278,0.8349999785423279,0.288332462310791
2,0.40198808908462524,0.4240683615207672,0.859000027179718,0.8374999761581421,0.29163408279418945
2,0.39673006534576416,0.4189041554927826,0.859000027179718,0.8449999690055847,0.2949647903442383
2,0.3915041983127594,0.4136736989021301,0.862000048160553,0.8474999666213989,0.2984354496002197
2,0.3863791525363922,0.40855103731155396,0.8660000562667847,0.8474999666213989,0.302304744720459
2,0.38143932819366455,0.4036236107349396,0.8670000433921814,0.8474999666213989,0.30586910247802734
2,0.3766706585884094,0.39890697598457336,0.8700000643730164,0.8474999666213989,0.30932044982910156
2,0.3720032870769501,0.3943714499473572,0.8730000257492065,0.8499999642372131,0.3128776550292969
2,0.36740967631340027,0.3898853361606598,0.8750000596046448,0.8499999642372131,0.31629395484924316
2,0.3628537654876709,0.3853863775730133,0.8770000338554382,0.8524999618530273,0.3195974826812744
2,0.3583386540412903,0.38088634610176086,0.8810000419616699,0.8549999594688416,0.32328367233276367
2,0.35391491651535034,0.37642985582351685,0.8850000500679016,0.85999995470047,0.32679104804992676
2,0.3496086299419403,0.3720567226409912,0.8890000581741333,0.8574999570846558,0.3300340175628662
2,0.34538981318473816,0.3677557706832886,0.8890000581741333,0.85999995470047,0.33373522758483887
2,0.34125444293022156,0.36353474855422974,0.89000004529953,0.85999995470047,0.3374826908111572
2,0.3371824324131012,0.3594059646129608,0.8920000195503235,0.8675000071525574,0.3409543037414551
2,0.3331739008426666,0.35536205768585205,0.8970000147819519,0.875,0.3446333408355713
2,0.32928547263145447,0.35146674513816833,0.9000000357627869,0.8725000023841858,0.34833741188049316
2,0.3255019187927246,0.34773072600364685,0.9010000228881836,0.875,0.3519618511199951
2,0.3217981457710266,0.3440468907356262,0.9040000438690186,0.8774999976158142,0.35521864891052246
2,0.318146288394928,0.34032905101776123,0.9050000309944153,0.8799999952316284,0.35868358612060547
2,0.3145282566547394,0.3365841209888458,0.906000018119812,0.8824999928474426,0.3627047538757324
2,0.3109789490699768,0.3328801989555359,0.9120000600814819,0.8824999928474426,0.3664233684539795
2,0.3075273334980011,0.3292919099330902,0.9150000214576721,0.8849999904632568,0.36980509757995605
2,0.3041616678237915,0.32581815123558044,0.9140000343322754,0.887499988079071,0.3735675811767578
2,0.3008728623390198,0.32245078682899475,0.9140000343322754,0.887499988079071,0.37708330154418945
2,0.2976178228855133,0.31907886266708374,0.9190000295639038,0.887499988079071,0.3811531066894531
2,0.29440632462501526,0.3157294988632202,0.9190000295639038,0.887499988079071,0.3846852779388428
2,0.2912718653678894,0.3125007152557373,0.9200000166893005,0.8899999856948853,0.38799071311950684
2,0.2882373332977295,0.3094118535518646,0.9200000166893005,0.8924999833106995,0.3914780616760254
2,0.28523001074790955,0.30627021193504333,0.9240000247955322,0.8924999833106995,0.3947281837463379
2,0.2822517156600952,0.3031351864337921,0.9240000247955322,0.8924999833106995,0.39830613136291504
2,0.27932703495025635,0.30010440945625305,0.9250000715255737,0.8924999833106995,0.401824951171875
2,0.27646103501319885,0.2971431314945221,0.9260000586509705,0.8974999785423279,0.4053194522857666
2,0.2736693322658539,0.29423031210899353,0.9260000586509705,0.8974999785423279,0.40857839584350586
2,0.2709386646747589,0.29134902358055115,0.9270000457763672,0.9024999737739563,0.4125075340270996
2,0.26826563477516174,0.2885034680366516,0.9280000329017639,0.9049999713897705,0.4159412384033203
2,0.265657901763916,0.2857026159763336,0.9280000329017639,0.9049999713897705,0.4192512035369873
2,0.2631017565727234,0.2830132246017456,0.9280000329017639,0.9074999690055847,0.4850804805755615
2,0.2605845630168915,0.280318021774292,0.9300000667572021,0.9099999666213989,0.48868870735168457
2,0.25810161232948303,0.2775815725326538,0.9330000281333923,0.9099999666213989,0.4924595355987549
2,0.25564858317375183,0.27488696575164795,0.9340000152587891,0.9149999618530273,0.4959685802459717
2,0.25324389338493347,0.27226006984710693,0.9340000152587891,0.9174999594688416,0.49925971031188965
2,0.2508867084980011,0.26968348026275635,0.9340000152587891,0.92249995470047,0.5027823448181152
2,0.24855050444602966,0.2671295404434204,0.9350000619888306,0.92249995470047,0.5063118934631348
2,0.24624696373939514,0.2645880877971649,0.9360000491142273,0.9249999523162842,0.5097973346710205
2,0.24398528039455414,0.2621143162250519,0.9360000491142273,0.9249999523162842,0.5131878852844238
2,0.24177801609039307,0.2597753405570984,0.9360000491142273,0.9249999523162842,0.5168576240539551
2,0.23962557315826416,0.25753363966941833,0.9360000491142273,0.92249995470047,0.5202724933624268
2,0.23748120665550232,0.25527873635292053,0.937000036239624,0.92249995470047,0.5235819816589355
2,0.23535597324371338,0.2530120611190796,0.9380000233650208,0.9249999523162842,0.5271215438842773
2,0.2332514524459839,0.25075072050094604,0.9380000233650208,0.9274999499320984,0.5305044651031494
2,0.23124945163726807,0.24857087433338165,0.9390000700950623,0.9274999499320984,0.5338213443756104
2,0.2292366325855255,0.24633470177650452,0.9390000700950623,0.9249999523162842,0.5376265048980713
2,0.22728891670703888,0.24411405622959137,0.940000057220459,0.9274999499320984,0.5412895679473877
2,0.22534912824630737,0.2419905811548233,0.940000057220459,0.9274999499320984,0.5447409152984619
2,0.2234022170305252,0.24000446498394012,0.9390000700950623,0.9300000071525574,0.548267126083374
2,0.22152507305145264,0.2380661517381668,0.940000057220459,0.9274999499320984,0.552210807800293
2,0.21966861188411713,0.23611050844192505,0.940000057220459,0.9249999523162842,0.5555858612060547
2,0.21781864762306213,0.23406994342803955,0.940000057220459,0.9274999499320984,0.5588994026184082
2,0.21601246297359467,0.23201651871204376,0.940000057220459,0.9274999499320984,0.562523603439331
2,0.21423864364624023,0.23009628057479858,0.940000057220459,0.9274999499320984,0.5660324096679688
2,0.21248486638069153,0.22831635177135468,0.9410000443458557,0.9274999499320984,0.5693409442901611
2,0.2107624113559723,0.2265523076057434,0.9410000443458557,0.9274999499320984,0.5725841522216797
2,0.20906855165958405,0.22475384175777435,0.9420000314712524,0.9274999499320984,0.5761380195617676
2,0.2073887139558792,0.22285088896751404,0.9430000185966492,0.9274999499320984,0.579409122467041
2,0.20573753118515015,0.22089289128780365,0.9450000524520874,0.9274999499320984,0.5827128887176514
2,0.20411957800388336,0.21905742585659027,0.9450000524520874,0.9274999499320984,0.586179256439209
2,0.20252728462219238,0.21734051406383514,0.9450000524520874,0.9274999499320984,0.5896933078765869
2,0.20094814896583557,0.21565444767475128,0.9460000395774841,0.9300000071525574,0.5930485725402832
2,0.19938141107559204,0.21400699019432068,0.9460000395774841,0.9300000071525574,0.5969316959381104
2,0.1978251188993454,0.2122841626405716,0.9460000395774841,0.9300000071525574,0.6002001762390137
2,0.1962692141532898,0.2105228453874588,0.9460000395774841,0.9300000071525574,0.6034581661224365
2,0.19475744664669037,0.20884405076503754,0.9470000267028809,0.9300000071525574,0.6069438457489014
2,0.19331181049346924,0.20723164081573486,0.9470000267028809,0.9300000071525574,0.6105697154998779
2,0.1918952763080597,0.20565305650234222,0.9480000734329224,0.9300000071525574,0.6138880252838135
2,0.19049137830734253,0.20412799715995789,0.9480000734329224,0.9300000071525574,0.6177985668182373
2,0.18909619748592377,0.2026238590478897,0.9480000734329224,0.9325000047683716,0.6215953826904297
2,0.18771713972091675,0.2011425644159317,0.9480000734329224,0.9350000023841858,0.624981164932251
2,0.18637175858020782,0.19967962801456451,0.9480000734329224,0.9350000023841858,0.6283102035522461
2,0.1850472390651703,0.19820187985897064,0.9480000734329224,0.9399999976158142,0.6320781707763672
2,0.18374894559383392,0.19674330949783325,0.9480000734329224,0.9399999976158142,0.6363561153411865
2,0.18245406448841095,0.1953132003545761,0.9480000734329224,0.9399999976158142,0.6396896839141846
2,0.18116265535354614,0.1939275711774826,0.9470000267028809,0.9399999976158142,0.6429972648620605
2,0.17988771200180054,0.1925770342350006,0.9480000734329224,0.9399999976158142,0.6464629173278809
2,0.17863769829273224,0.19122040271759033,0.9490000605583191,0.9399999976158142,0.649925947189331
2,0.17740976810455322,0.18986615538597107,0.9490000605583191,0.9424999952316284,0.6532125473022461
2,0.1762017458677292,0.18853557109832764,0.9490000605583191,0.9424999952316284,0.6567871570587158
2,0.17501212656497955,0.1872093379497528,0.9490000605583191,0.9424999952316284,0.6603670120239258
2,0.17384299635887146,0.18590785562992096,0.9500000476837158,0.9424999952316284,0.6638786792755127
2,0.17269065976142883,0.1846218705177307,0.9510000348091125,0.9424999952316284,0.6671142578125
2,0.17155171930789948,0.183357372879982,0.9510000348091125,0.9424999952316284,0.6709165573120117
2,0.17042206227779388,0.1821504831314087,0.9510000348091125,0.9399999976158142,0.6743857860565186
2,0.16931328177452087,0.180930957198143,0.9510000348091125,0.9399999976158142,0.6779515743255615
2,0.16821888089179993,0.1797722578048706,0.9510000348091125,0.9399999976158142,0.6817865371704102
2,0.16713769733905792,0.17859841883182526,0.9510000348091125,0.9399999976158142,0.6853327751159668
2,0.1660710871219635,0.1774214804172516,0.9520000219345093,0.9399999976158142,0.6887240409851074
2,0.16501301527023315,0.176221564412117,0.9520000219345093,0.9399999976158142,0.6919684410095215
2,0.16397787630558014,0.1751101166009903,0.9520000219345093,0.9424999952316284,0.6958520412445068
2,0.16295497119426727,0.17407961189746857,0.9520000219345093,0.9424999952316284,0.6994924545288086
2,0.16194169223308563,0.17305998504161835,0.9520000219345093,0.9424999952316284,0.7028701305389404
2,0.16094264388084412,0.17199450731277466,0.9520000219345093,0.9449999928474426,0.7062935829162598
2,0.15995670855045319,0.17089423537254333,0.9520000219345093,0.9449999928474426,0.7095849514007568
2,0.1589878797531128,0.16978374123573303,0.9520000219345093,0.9449999928474426,0.7131223678588867
2,0.15803293883800507,0.16876758635044098,0.9510000348091125,0.9449999928474426,0.716510534286499
2,0.15709561109542847,0.16782322525978088,0.9510000348091125,0.9449999928474426,0.720085620880127
2,0.15616868436336517,0.1668909192085266,0.9510000348091125,0.9449999928474426,0.7233548164367676
2,0.15525159239768982,0.16590625047683716,0.9510000348091125,0.9449999928474426,0.7271146774291992
2,0.15434589982032776,0.1648874431848526,0.9510000348091125,0.9449999928474426,0.7312905788421631
2,0.15345026552677155,0.16392311453819275,0.9520000219345093,0.9449999928474426,0.7355573177337646
2,0.15256783366203308,0.16301272809505463,0.9520000219345093,0.9449999928474426,0.7390527725219727
2,0.15169432759284973,0.16210544109344482,0.9520000219345093,0.9449999928474426,0.7423734664916992
2,0.15082985162734985,0.16122449934482574,0.9520000219345093,0.9449999928474426,0.7462162971496582
2,0.14997728168964386,0.16030719876289368,0.9520000219345093,0.9449999928474426,0.7495245933532715
2,0.14914120733737946,0.15940044820308685,0.9520000219345093,0.9449999928474426,0.7528667449951172
2,0.1483137607574463,0.15856203436851501,0.9520000219345093,0.9449999928474426,0.8201828002929688
2,0.14749448001384735,0.15768730640411377,0.9520000219345093,0.9449999928474426,0.8245067596435547
2,0.14668580889701843,0.15682154893875122,0.9520000219345093,0.9449999928474426,0.8284056186676025
2,0.1458861082792282,0.15594549477100372,0.9520000219345093,0.9449999928474426,0.8319084644317627
2,0.14509356021881104,0.1550818234682083,0.9520000219345093,0.9449999928474426,0.8357594013214111
2,0.14431621134281158,0.15426306426525116,0.9520000219345093,0.9449999928474426,0.8396594524383545
2,0.14354592561721802,0.15343335270881653,0.9520000219345093,0.9449999928474426,0.8432869911193848
2,0.14278490841388702,0.15263386070728302,0.9520000219345093,0.9449999928474426,0.847275972366333
2,0.14203490316867828,0.1519269347190857,0.9520000219345093,0.9449999928474426,0.8512401580810547
2,0.14129577577114105,0.15117140114307404,0.9520000219345093,0.9474999904632568,0.8552746772766113
2,0.140563502907753,0.1504615992307663,0.9520000219345093,0.9449999928474426,0.8591082096099854
2,0.13983766734600067,0.14973053336143494,0.9520000219345093,0.949999988079071,0.8626179695129395
2,0.13912507891654968,0.1489960104227066,0.9520000219345093,0.949999988079071,0.8664910793304443
2,0.13842473924160004,0.14832741022109985,0.9520000219345093,0.949999988079071,0.8702297210693359
2,0.1377277970314026,0.147638738155365,0.9520000219345093,0.9524999856948853,0.8740785121917725
2,0.13703928887844086,0.14695338904857635,0.9530000686645508,0.9524999856948853,0.8776781558990479
2,0.13636627793312073,0.14625956118106842,0.9540000557899475,0.9524999856948853,0.8814361095428467
2,0.13569843769073486,0.14556939899921417,0.9540000557899475,0.9524999856948853,0.8847231864929199
2,0.13503818213939667,0.14486952126026154,0.9540000557899475,0.9524999856948853,0.8880269527435303
2,0.13438616693019867,0.14420132339000702,0.9550000429153442,0.9524999856948853,0.8913323879241943
2,0.13374628126621246,0.14357417821884155,0.9550000429153442,0.9524999856948853,0.895103931427002
2,0.1331154853105545,0.14292775094509125,0.9550000429153442,0.9524999856948853,0.898608922958374
2,0.13248950242996216,0.14232276380062103,0.956000030040741,0.9524999856948853,0.9019525051116943
2,0.13187231123447418,0.14170138537883759,0.956000030040741,0.9524999856948853,0.9052145481109619
2,0.13126042485237122,0.14105172455310822,0.956000030040741,0.9524999856948853,0.9089109897613525
2,0.1306595355272293,0.14042750000953674,0.956000030040741,0.9524999856948853,0.9122061729431152
2,0.13006526231765747,0.13977918028831482,0.956000030040741,0.9524999856948853,0.9155282974243164
2,0.12947525084018707,0.13916727900505066,0.9570000171661377,0.9524999856948853,0.9188921451568604
2,0.12889237701892853,0.13857358694076538,0.9570000171661377,0.9524999856948853,0.9221866130828857
2,0.12832367420196533,0.13800504803657532,0.9570000171661377,0.9524999856948853,0.9254209995269775
2,0.12775921821594238,0.13754667341709137,0.9570000171661377,0.9524999856948853,0.9288008213043213
2,0.1271926611661911,0.13709744811058044,0.9570000171661377,0.9524999856948853,0.9326848983764648
2,0.12662848830223083,0.13660207390785217,0.9570000171661377,0.9524999856948853,0.935950756072998
2,0.1260681450366974,0.13610954582691193,0.9570000171661377,0.9524999856948853,0.9394290447235107
2,0.12551994621753693,0.13559994101524353,0.9570000171661377,0.9524999856948853,0.9427175521850586
2,0.12498181313276291,0.135102778673172,0.9580000638961792,0.9524999856948853,0.9460217952728271
2,0.12446513026952744,0.13456100225448608,0.9580000638961792,0.9524999856948853,0.9497900009155273
2,0.12394826859235764,0.13394282758235931,0.9580000638961792,0.9524999856948853,0.9531960487365723
2,0.12343779951334,0.13329903781414032,0.9580000638961792,0.9549999833106995,0.956622838973999
2,0.1229267567396164,0.13267681002616882,0.9580000638961792,0.9549999833106995,0.9603207111358643
2,0.12241367250680923,0.13207830488681793,0.9590000510215759,0.9549999833106995,0.9636855125427246
2,0.12191125005483627,0.13151980936527252,0.9590000510215759,0.9549999833106995,0.9669713973999023
2,0.12143517285585403,0.13101854920387268,0.9590000510215759,0.9549999833106995,0.9704251289367676
2,0.12095998227596283,0.1305963397026062,0.9590000510215759,0.9549999833106995,0.9738006591796875
2,0.12048332393169403,0.1301664412021637,0.9590000510215759,0.9549999833106995,0.977046012878418
2,0.12000980973243713,0.129673570394516,0.9590000510215759,0.9549999833106995,0.9805858135223389
2,0.11954011023044586,0.1292518675327301,0.9590000510215759,0.9549999833106995,0.98394775390625
2,0.11907235532999039,0.12884201109409332,0.9590000510215759,0.9549999833106995,0.9872817993164062
2,0.11861709505319595,0.1284293681383133,0.9600000381469727,0.9549999833106995,0.9906220436096191
2,0.11817378550767899,0.12809668481349945,0.9600000381469727,0.9574999809265137,0.9944555759429932
2,0.11773302406072617,0.12762653827667236,0.9600000381469727,0.9574999809265137,0.9980788230895996
2,0.11729126423597336,0.12712769210338593,0.9600000381469727,0.9574999809265137,1.0016627311706543
2,0.11685644835233688,0.12668263912200928,0.9600000381469727,0.9574999809265137,1.0051565170288086
2,0.11642874032258987,0.12622667849063873,0.9600000381469727,0.9574999809265137,1.0087857246398926
2,0.11600808054208755,0.12581731379032135,0.9600000381469727,0.9574999809265137,1.0121104717254639
2,0.11559126526117325,0.12544140219688416,0.9600000381469727,0.9574999809265137,1.0154616832733154
2,0.1151815801858902,0.12501132488250732,0.9610000252723694,0.9574999809265137,1.0189743041992188
2,0.11477671563625336,0.12459444999694824,0.9610000252723694,0.9574999809265137,1.022458553314209
2,0.11437569558620453,0.1242079958319664,0.9610000252723694,0.9574999809265137,1.025702714920044
2,0.11398379504680634,0.12381735444068909,0.9610000252723694,0.9599999785423279,1.0293052196502686
2,0.11359017342329025,0.12341015040874481,0.9610000252723694,0.9599999785423279,1.0331377983093262
2,0.11319839954376221,0.12293318659067154,0.9620000720024109,0.9599999785423279,1.0369956493377686
2,0.11281783133745193,0.12252200394868851,0.9610000252723694,0.9599999785423279,1.0405309200286865
2,0.11243623495101929,0.12222518771886826,0.9610000252723694,0.9599999785423279,1.0438721179962158
2,0.11206144839525223,0.12194719910621643,0.9610000252723694,0.9599999785423279,1.0473065376281738
2,0.11169165372848511,0.12159094959497452,0.9610000252723694,0.9599999785423279,1.0505986213684082
2,0.11132261902093887,0.12116572260856628,0.9610000252723694,0.9599999785423279,1.054072618484497
2,0.11096303910017014,0.12075052410364151,0.9610000252723694,0.9599999785423279,1.0576097965240479
2,0.1106082946062088,0.12043160200119019,0.9610000252723694,0.9599999785423279,1.0611186027526855
2,0.11025414615869522,0.12012981623411179,0.9610000252723694,0.9599999785423279,1.0646541118621826
2,0.1099071279168129,0.11978976428508759,0.9610000252723694,0.9599999785423279,1.0681707859039307
2,0.10955998301506042,0.11947190016508102,0.9610000252723694,0.9599999785423279,1.0718166828155518
2,0.10921234637498856,0.11913876235485077,0.9620000720024109,0.9599999785423279,1.0757508277893066
2,0.10886963456869125,0.11883766949176788,0.9620000720024109,0.9599999785423279,1.079761028289795
2,0.10853547602891922,0.11858326941728592,0.9620000720024109,0.9599999785423279,1.083359718322754
2,0.10820136964321136,0.11824511736631393,0.9620000720024109,0.9599999785423279,1.0867881774902344
2,0.1078743040561676,0.11790142208337784,0.9630000591278076,0.9624999761581421,1.0900802612304688
2,0.10755113512277603,0.1175631508231163,0.9630000591278076,0.9624999761581421,1.1557316780090332
2,0.10723067075014114,0.11725027859210968,0.9630000591278076,0.9649999737739563,1.1596412658691406
2,0.10690949112176895,0.1169622391462326,0.9630000591278076,0.9649999737739563,1.1633727550506592
2,0.10659734159708023,0.11668825894594193,0.9640000462532043,0.9649999737739563,1.1668825149536133
2,0.10628894716501236,0.1163577064871788,0.9640000462532043,0.9649999737739563,1.1701984405517578
2,0.10598590970039368,0.11605697870254517,0.9650000333786011,0.9649999737739563,1.17427396774292
2,0.10568494349718094,0.11576618999242783,0.9650000333786011,0.9649999737739563,1.1779086589813232
2,0.10538635402917862,0.11542295664548874,0.9650000333786011,0.9649999737739563,1.1813113689422607
2,0.1050923615694046,0.11515361815690994,0.9650000333786011,0.9649999737739563,1.184682846069336
2,0.10480008274316788,0.11489209532737732,0.9650000333786011,0.9649999737739563,1.1882951259613037
2,0.10451393574476242,0.11458740383386612,0.9650000333786011,0.9649999737739563,1.191652536392212
2,0.1042303815484047,0.11431488394737244,0.9650000333786011,0.9649999737739563,1.1949567794799805
2,0.10395140945911407,0.11406444758176804,0.9650000333786011,0.9649999737739563,1.198793888092041
2,0.10367485880851746,0.11376407742500305,0.9650000333786011,0.9649999737739563,1.202152967453003
2,0.10339964926242828,0.11351152509450912,0.9650000333786011,0.9649999737739563,1.20554780960083
2,0.10312879830598831,0.11332552134990692,0.9650000333786011,0.9649999737739563,1.2094383239746094
2,0.10286147892475128,0.11305443942546844,0.9650000333786011,0.9649999737739563,1.2134392261505127
2,0.10259651392698288,0.11273057758808136,0.9650000333786011,0.9649999737739563,1.216806173324585
2,0.10233331471681595,0.11246888339519501,0.9650000333786011,0.9649999737739563,1.2200682163238525
2,0.10206984728574753,0.11221801489591599,0.9650000333786011,0.9649999737739563,1.2233829498291016
2,0.10181137919425964,0.11199287325143814,0.9650000333786011,0.9649999737739563,1.226750135421753
2,0.10155713558197021,0.11184965819120407,0.9650000333786011,0.9649999737739563,1.230027437210083
2,0.10130568593740463,0.1116342842578888,0.9650000333786011,0.9649999737739563,1.2333307266235352
2,0.10105542838573456,0.11129079759120941,0.9650000333786011,0.9649999737739563,1.236645221710205
2,0.10081300139427185,0.1109803169965744,0.9650000333786011,0.9649999737739563,1.2399787902832031
2,0.10057336091995239,0.11072053015232086,0.9650000333786011,0.9649999737739563,1.2433104515075684
2,0.10033585131168365,0.11046014726161957,0.9650000333786011,0.9649999737739563,1.2466840744018555
2,0.10010186582803726,0.11025392264127731,0.9650000333786011,0.9649999737739563,1.2499825954437256
2,0.09987031668424606,0.11006734520196915,0.9660000205039978,0.9649999737739563,1.2535834312438965
2,0.09964072704315186,0.10978737473487854,0.9660000205039978,0.9649999737739563,1.2569546699523926
2,0.0994151309132576,0.1094723790884018,0.9660000205039978,0.9649999737739563,1.260270595550537
2,0.09919089823961258,0.10925469547510147,0.9660000205039978,0.9649999737739563,1.263697624206543
2,0.09896893799304962,0.10907203704118729,0.9660000205039978,0.9649999737739563,1.2669787406921387
2,0.09875017404556274,0.10888877511024475,0.9660000205039978,0.9649999737739563,1.270345687866211
2,0.09853578358888626,0.10872922092676163,0.9660000205039978,0.9649999737739563,1.2740874290466309
2,0.09832125902175903,0.10857155174016953,0.9660000205039978,0.9649999737739563,1.277907133102417
2,0.0981087014079094,0.10834375023841858,0.9660000205039978,0.9649999737739563,1.281597375869751
2,0.09789979457855225,0.10809967666864395,0.9660000205039978,0.9649999737739563,1.284930944442749
2,0.09769462049007416,0.10786394029855728,0.9660000205039978,0.9649999737739563,1.2886428833007812
2,0.09749198704957962,0.10764401406049728,0.9660000205039978,0.9649999737739563,1.292639970779419
2,0.09728934615850449,0.10748305171728134,0.9660000205039978,0.9649999737739563,1.295950174331665
2,0.09708872437477112,0.10736268758773804,0.9660000205039978,0.9649999737739563,1.2992801666259766
2,0.09689197689294815,0.10724227130413055,0.9660000205039978,0.9649999737739563,1.302614450454712
2,0.09669610857963562,0.1070733368396759,0.9660000205039978,0.9649999737739563,1.3059868812561035
2,0.09650282561779022,0.10686231404542923,0.9660000205039978,0.9649999737739563,1.3092575073242188
2,0.09631383419036865,0.1066267192363739,0.9660000205039978,0.9649999737739563,1.3125319480895996
2,0.09612458199262619,0.10638386756181717,0.9660000205039978,0.9649999737739563,1.3163807392120361
2,0.09593842178583145,0.1061803549528122,0.9670000672340393,0.9649999737739563,1.3197290897369385
2,0.095755435526371,0.10602930933237076,0.9670000672340393,0.9649999737739563,1.3232793807983398
2,0.09557332843542099,0.10589806735515594,0.968000054359436,0.9649999737739563,1.326512098312378
2,0.09539327770471573,0.1057375892996788,0.968000054359436,0.9649999737739563,1.3299472332000732
2,0.0952165350317955,0.10556519776582718,0.968000054359436,0.9649999737739563,1.3334903717041016
2,0.09503884613513947,0.10540077835321426,0.968000054359436,0.9649999737739563,1.3377234935760498
2,0.09486451745033264,0.10523942857980728,0.968000054359436,0.9649999737739563,1.3415918350219727
2,0.09469342976808548,0.10504889488220215,0.968000054359436,0.9649999737739563,1.3449387550354004
2,0.09452234208583832,0.10483957082033157,0.968000054359436,0.9649999737739563,1.3482928276062012
2,0.09435346722602844,0.10465994477272034,0.968000054359436,0.9649999737739563,1.3521971702575684
2,0.09418810158967972,0.10451303422451019,0.968000054359436,0.9649999737739563,1.3554840087890625
2,0.09402415156364441,0.10434943437576294,0.968000054359436,0.9649999737739563,1.358821153640747
2,0.0938628613948822,0.10420193523168564,0.968000054359436,0.9649999737739563,1.3622539043426514
2,0.09370254725217819,0.10409177839756012,0.968000054359436,0.9649999737739563,1.3656299114227295
2,0.09354288876056671,0.1039540022611618,0.9690000414848328,0.9649999737739563,1.368886947631836
2,0.09338677674531937,0.10378258675336838,0.9690000414848328,0.9649999737739563,1.3723745346069336
2,0.09323146939277649,0.10361886769533157,0.9690000414848328,0.9649999737739563,1.3756792545318604
2,0.09307919442653656,0.10345762968063354,0.9690000414848328,0.9649999737739563,1.3790853023529053
2,0.09292694181203842,0.10328681021928787,0.9690000414848328,0.9649999737739563,1.3824090957641602
2,0.09277690947055817,0.10314393043518066,0.9690000414848328,0.9649999737739563,1.3858704566955566
2,0.09262897819280624,0.10304322093725204,0.9690000414848328,0.9649999737739563,1.389230728149414
2,0.09248387813568115,0.10293512046337128,0.9690000414848328,0.9649999737739563,1.3925602436065674
2,0.09233986586332321,0.10279089212417603,0.9690000414848328,0.9649999737739563,1.3959996700286865
2,0.09219525009393692,0.10263460874557495,0.9690000414848328,0.9649999737739563,1.399245262145996
2,0.09205439686775208,0.10249920934438705,0.9690000414848328,0.9649999737739563,1.40273118019104
3,1.4381746053695679,1.4440944194793701,0.25,0.25,0.0
3,1.2141493558883667,1.2167630195617676,0.45500001311302185,0.44999998807907104,0.032642364501953125
3,1.0701342821121216,1.0676383972167969,0.6060000061988831,0.6225000023841858,0.03757143020629883
3,0.9748898148536682,0.9658740758895874,0.6110000014305115,0.6175000071525574,0.04104495048522949
3,0.9177935719490051,0.9015675187110901,0.6190000176429749,0.6299999952316284,0.04437994956970215
3,0.8826875686645508,0.8606045246124268,0.6230000257492065,0.6449999809265137,0.04772663116455078
3,0.8567192554473877,0.8326659202575684,0.625,0.6424999833106995,0.0510866641998291
3,0.8352773785591125,0.8135752081871033,0.6190000176429749,0.6399999856948853,0.05444145202636719
3,0.8174344301223755,0.8010706305503845,0.609000027179718,0.6274999976158142,0.05824732780456543
3,0.8017703294754028,0.7919175028800964,0.612000048160553,0.6225000023841858,0.06155228614807129
3,0.7872771620750427,0.7835769653320312,0.6170000433921814,0.6324999928474426,0.06490397453308105
3,0.7744684219360352,0.7759361863136292,0.5950000286102295,0.6074999570846558,0.06819510459899902
3,0.7627996802330017,0.7683122754096985,0.609000027179718,0.6200000047683716,0.07172846794128418
3,0.7513693571090698,0.760083794593811,0.6310000419616699,0.6399999856948853,0.0759420394897461
3,0.7396138310432434,0.7509356737136841,0.6390000581741333,0.6524999737739563,0.07932066917419434
3,0.7274506092071533,0.7408241033554077,0.6440000534057617,0.6599999666213989,0.08267521858215332
3,0.7153545618057251,0.730092465877533,0.656000018119812,0.675000011920929,0.08619904518127441
3,0.7037166953086853,0.719128429889679,0.6670000553131104,0.6949999928474426,0.1518716812133789
3,0.6925672292709351,0.7079519033432007,0.675000011920929,0.7024999856948853,0.15632224082946777
3,0.6820845007896423,0.696896493434906,0.6800000071525574,0.7049999833106995,0.1600487232208252
3,0.672284722328186,0.6866779923439026,0.6850000619888306,0.7024999856948853,0.16363239288330078
3,0.6626659035682678,0.6773018836975098,0.6860000491142273,0.7049999833106995,0.16763782501220703
3,0.6528918743133545,0.6686543822288513,0.6920000314712524,0.7174999713897705,0.17113733291625977
3,0.6432885527610779,0.6610203385353088,0.6980000138282776,0.7174999713897705,0.17471790313720703
3,0.6341846585273743,0.6542827486991882,0.7200000286102295,0.7249999642372131,0.17814922332763672
3,0.6253621578216553,0.6475171446800232,0.7310000061988831,0.7400000095367432,0.18155574798583984
3,0.6165841817855835,0.6398321390151978,0.7350000143051147,0.7475000023841858,0.184981107711792
3,0.6077371835708618,0.6307979226112366,0.7440000176429749,0.7574999928474426,0.1883397102355957
3,0.5989211797714233,0.6207023859024048,0.753000020980835,0.7649999856948853,0.19173717498779297
3,0.5903550386428833,0.6103616952896118,0.7590000629425049,0.7699999809265137,0.19527649879455566
3,0.5821931958198547,0.6006364822387695,0.7620000243186951,0.7724999785423279,0.1986842155456543
3,0.5744171142578125,0.5919398665428162,0.7640000581741333,0.7699999809265137,0.20241689682006836
3,0.5669769644737244,0.5842204689979553,0.7640000581741333,0.7749999761581421,0.2062835693359375
3,0.559659481048584,0.5770185589790344,0.7700000405311584,0.7799999713897705,0.2097034454345703
3,0.5523101687431335,0.5697863698005676,0.7730000615119934,0.7874999642372131,0.21318554878234863
3,0.5449897050857544,0.562446117401123,0.7830000519752502,0.7874999642372131,0.21654653549194336
3,0.5378016829490662,0.5552685260772705,0.7850000262260437,0.7899999618530273,0.21996307373046875
3,0.5307815074920654,0.5484077334403992,0.7900000214576721,0.7924999594688416,0.22327876091003418
3,0.5238991379737854,0.5418238639831543,0.796000063419342,0.7949999570846558,0.22655057907104492
3,0.5171815752983093,0.5352970361709595,0.7980000376701355,0.7949999570846558,0.23008060455322266
3,0.5106017589569092,0.5285844206809998,0.8010000586509705,0.7949999570846558,0.23336076736450195
3,0.504111647605896,0.5216209888458252,0.8030000329017639,0.8025000095367432,0.2371225357055664
3,0.4976762533187866,0.5145505666732788,0.8050000667572021,0.8050000071525574,0.2407398223876953
3,0.49130702018737793,0.5076907873153687,0.8080000281333923,0.8050000071525574,0.2442934513092041
3,0.48507189750671387,0.5012758374214172,0.8110000491142273,0.8050000071525574,0.2476036548614502
3,0.4789218008518219,0.4953957498073578,0.8140000104904175,0.8050000071525574,0.25112247467041016
3,0.4728623628616333,0.4899235665798187,0.815000057220459,0.8050000071525574,0.2548537254333496
3,0.46689650416374207,0.48457038402557373,0.8180000185966492,0.8075000047683716,0.2581360340118408
3,0.46097028255462646,0.47897034883499146,0.8230000138282776,0.8149999976158142,0.26171040534973145
3,0.45506641268730164,0.4729427993297577,0.8230000138282776,0.8199999928474426,0.2654991149902344
3,0.44920697808265686,0.4666650891304016,0.8270000219345093,0.8224999904632568,0.26880693435668945
3,0.44347020983695984,0.4606044292449951,0.8290000557899475,0.824999988079071,0.2722315788269043
3,0.4378231465816498,0.45496517419815063,0.8400000333786011,0.8274999856948853,0.2763509750366211
3,0.4322151839733124,0.4496656656265259,0.8410000205039978,0.8299999833106995,0.2797386646270752
3,0.4266737997531891,0.44446808099746704,0.8420000672340393,0.8274999856948853,0.2829463481903076
3,0.4212503135204315,0.43916645646095276,0.8420000672340393,0.8274999856948853,0.2862849235534668
3,0.4159427285194397,0.4338049590587616,0.843000054359436,0.8274999856948853,0.2896077632904053
3,0.410747230052948,0.4285057485103607,0.8440000414848328,0.8299999833106995,0.293013334274292
3,0.4056302011013031,0.4233815670013428,0.8460000157356262,0.8324999809265137,0.29680514335632324
3,0.40058818459510803,0.4184650778770447,0.8480000495910645,0.8324999809265137,0.3003401756286621
3,0.39560267329216003,0.41370323300361633,0.8490000367164612,0.8324999809265137,0.304013729095459
3,0.39067187905311584,0.4089701473712921,0.8500000238418579,0.8349999785423279,0.3073239326477051
3,0.38579320907592773,0.40411701798439026,0.8540000319480896,0.8424999713897705,0.3106827735900879
3,0.3809381127357483,0.39916881918907166,0.8560000658035278,0.8449999690055847,0.3142671585083008
3,0.3761472702026367,0.3942998945713043,0.8570000529289246,0.8399999737739563,0.31768321990966797
3,0.37143635749816895,0.38971954584121704,0.862000048160553,0.8424999713897705,0.32103538513183594
3,0.36682042479515076,0.3853422999382019,0.8650000691413879,0.8524999618530273,0.32484889030456543
3,0.3623437285423279,0.3809261620044708,0.8680000305175781,0.8524999618530273,0.3284287452697754
3,0.357995867729187,0.3763777017593384,0.8720000386238098,0.8549999594688416,0.33182811737060547
3,0.3537246882915497,0.3718037009239197,0.8770000338554382,0.8549999594688416,0.33565711975097656
3,0.34953445196151733,0.36737605929374695,0.8810000419616699,0.8549999594688416,0.33894801139831543
3,0.3453950583934784,0.3631514608860016,0.8840000629425049,0.8574999570846558,0.342273473739624
3,0.34129562973976135,0.3591126501560211,0.8840000629425049,0.85999995470047,0.3456153869628906
3,0.3372385501861572,0.3551558256149292,0.8850000500679016,0.85999995470047,0.34894371032714844
3,0.333241730928421,0.35112616419792175,0.8860000371932983,0.8650000095367432,0.35221004486083984
3,0.3293287456035614,0.3470286428928375,0.8890000581741333,0.8650000095367432,0.3557755947113037
3,0.3255229890346527,0.343014121055603,0.8910000324249268,0.8700000047683716,0.3590583801269531
3,0.3217843770980835,0.3391554355621338,0.8940000534057617,0.8725000023841858,0.36247920989990234
3,0.3180766999721527,0.3354063332080841,0.8970000147819519,0.8774999976158142,0.36586689949035645
3,0.3143996596336365,0.3317032754421234,0.9030000567436218,0.8799999952316284,0.3694589138031006
3,0.3108031451702118,0.3280215859413147,0.906000018119812,0.8824999928474426,0.37285399436950684
3,0.3073115348815918,0.3243933916091919,0.9070000648498535,0.8799999952316284,0.37657690048217773
3,0.3039121925830841,0.3208734095096588,0.906000018119812,0.8849999904632568,0.38031935691833496
3,0.30058765411376953,0.3174577057361603,0.9080000519752502,0.8849999904632568,0.38367366790771484
3,0.2973092794418335,0.3141431510448456,0.9080000519752502,0.8899999856948853,0.38700366020202637
3,0.29409220814704895,0.3108550012111664,0.9120000600814819,0.8899999856948853,0.3902583122253418
3,0.2909270226955414,0.3075452148914337,0.9160000681877136,0.8899999856948853,0.3935675621032715
3,0.2878113389015198,0.30425962805747986,0.9200000166893005,0.8899999856948853,0.3968660831451416
3,0.28474876284599304,0.3010638356208801,0.9230000376701355,0.8899999856948853,0.4000813961029053
3,0.28174540400505066,0.2979912757873535,0.9240000247955322,0.8974999785423279,0.4035069942474365
3,0.27880460023880005,0.2950335741043091,0.9240000247955322,0.9024999737739563,0.40679430961608887
3,0.2759171426296234,0.2921087443828583,0.9280000329017639,0.9024999737739563,0.41013193130493164
3,0.27307477593421936,0.2891519069671631,0.9290000200271606,0.9024999737739563,0.4134342670440674
3,0.2702929675579071,0.2862139940261841,0.9300000667572021,0.9024999737739563,0.4167463779449463
3,0.26757559180259705,0.28334659337997437,0.9290000200271606,0.9049999713897705,0.48372817039489746
3,0.26490601897239685,0.28056859970092773,0.9290000200271606,0.9049999713897705,0.4872260093688965
3,0.26227614283561707,0.2778724730014801,0.9310000538825989,0.9099999666213989,0.49080395698547363
3,0.259683758020401,0.2752354145050049,0.9330000281333923,0.9174999594688416,0.49599575996398926
3,0.2571299076080322,0.272606760263443,0.9330000281333923,0.92249995470047,0.4994683265686035
3,0.2546212673187256,0.26998576521873474,0.9330000281333923,0.92249995470047,0.503650426864624
3,0.25217097997665405,0.26740702986717224,0.9340000152587891,0.92249995470047,0.5077457427978516
3,0.24975715577602386,0.2648734152317047,0.9360000491142273,0.92249995470047,0.5111575126647949
3,0.2473805695772171,0.26242050528526306,0.937000036239624,0.92249995470047,0.5145108699798584
3,0.24504514038562775,0.2600323259830475,0.9380000233650208,0.92249995470047,0.5177502632141113
3,0.24276144802570343,0.25768956542015076,0.9390000700950623,0.92249995470047,0.5210554599761963
3,0.24051938951015472,0.2553364038467407,0.940000057220459,0.92249995470047,0.524848222732544
3,0.23830755054950714,0.25296860933303833,0.940000057220459,0.9249999523162842,0.5281803607940674
3,0.2361232340335846,0.25062301754951477,0.9410000443458557,0.9300000071525574,0.5314381122589111
3,0.23397475481033325,0.24833093583583832,0.9410000443458557,0.9300000071525574,0.5351052284240723
3,0.2318611890077591,0.24610745906829834,0.940000057220459,0.9300000071525574,0.5383915901184082
3,0.2297888696193695,0.2439006268978119,0.940000057220459,0.9300000071525574,0.5418708324432373
3,0.22774888575077057,0.24174676835536957,0.940000057220459,0.9300000071525574,0.5451786518096924
3,0.225748211145401,0.23967230319976807,0.940000057220459,0.9300000071525574,0.5486011505126953
3,0.22379270195960999,0.2376437783241272,0.9420000314712524,0.9325000047683716,0.5520861148834229
3,0.22187256813049316,0.23566202819347382,0.9430000185966492,0.9325000047683716,0.5553736686706543
3,0.21998345851898193,0.23371396958827972,0.9440000653266907,0.9350000023841858,0.5594823360443115
3,0.2181226760149002,0.2317538857460022,0.9450000524520874,0.9350000023841858,0.5633864402770996
3,0.21629232168197632,0.22981120645999908,0.9450000524520874,0.9300000071525574,0.5667049884796143
3,0.21448250114917755,0.22789382934570312,0.9440000653266907,0.9300000071525574,0.5700745582580566
3,0.212703675031662,0.22599826753139496,0.9440000653266907,0.9300000071525574,0.5746238231658936
3,0.2109561413526535,0.22414889931678772,0.9440000653266907,0.9300000071525574,0.5779592990875244
3,0.20923207700252533,0.22231027483940125,0.9440000653266907,0.9325000047683716,0.5812556743621826
3,0.20753411948680878,0.2204897254705429,0.9460000395774841,0.9325000047683716,0.5845715999603271
3,0.20586448907852173,0.21872484683990479,0.9470000267028809,0.9325000047683716,0.5878417491912842
3,0.20421843230724335,0.21702289581298828,0.9470000267028809,0.9325000047683716,0.5911567211151123
3,0.20258988440036774,0.21532264351844788,0.9470000267028809,0.9350000023841858,0.5947203636169434
3,0.20098264515399933,0.21362560987472534,0.9470000267028809,0.9350000023841858,0.5979506969451904
3,0.1994045525789261,0.21197155117988586,0.9470000267028809,0.9350000023841858,0.6011779308319092
3,0.19785240292549133,0.2103082537651062,0.9470000267028809,0.9350000023841858,0.6044669151306152
3,0.1963242143392563,0.2086668461561203,0.9470000267028809,0.9350000023841858,0.6076750755310059
3,0.19481869041919708,0.2070593386888504,0.9480000734329224,0.9350000023841858,0.6109833717346191
3,0.19333457946777344,0.2054791897535324,0.9490000605583191,0.9375,0.6143312454223633
3,0.19186897575855255,0.20390063524246216,0.9490000605583191,0.9375,0.6176285743713379
3,0.19042938947677612,0.20235386490821838,0.9490000605583191,0.9375,0.6208889484405518
3,0.18900737166404724,0.20085030794143677,0.9490000605583191,0.9399999976158142,0.6241674423217773
3,0.18759889900684357,0.1993510127067566,0.9500000476837158,0.9399999976158142,0.6274411678314209
3,0.18621249496936798,0.19788505136966705,0.9510000348091125,0.9399999976158142,0.6306378841400146
3,0.184842050075531,0.19642625749111176,0.9510000348091125,0.9399999976158142,0.6344130039215088
3,0.1834903061389923,0.19500145316123962,0.9510000348091125,0.9399999976158142,0.6376688480377197
3,0.18215489387512207,0.19359023869037628,0.9510000348091125,0.9399999976158142,0.6408693790435791
3,0.18083982169628143,0.1922624409198761,0.9510000348091125,0.9399999976158142,0.6441664695739746
3,0.17955820262432098,0.19096927344799042,0.9510000348091125,0.9424999952316284,0.6474101543426514
3,0.17830674350261688,0.18971820175647736,0.9520000219345093,0.9424999952316284,0.6507272720336914
3,0.1770881712436676,0.18843862414360046,0.9520000219345093,0.9424999952316284,0.6543257236480713
3,0.17589165270328522,0.18710565567016602,0.9520000219345093,0.9424999952316284,0.6577281951904297
3,0.1747039407491684,0.1858544796705246,0.9520000219345093,0.9449999928474426,0.6610605716705322
3,0.17352589964866638,0.18461164832115173,0.9520000219345093,0.9449999928474426,0.664480447769165
3,0.17235924303531647,0.18335561454296112,0.9520000219345093,0.9474999904632568,0.667809247970581
3,0.17120394110679626,0.1821710169315338,0.9510000348091125,0.9474999904632568,0.6711347103118896
3,0.170059472322464,0.18094176054000854,0.9510000348091125,0.9474999904632568,0.6744384765625
3,0.1689336597919464,0.17973904311656952,0.9510000348091125,0.9474999904632568,0.6777465343475342
3,0.16782526671886444,0.17852742969989777,0.9520000219345093,0.9474999904632568,0.6809689998626709
3,0.16674081981182098,0.17736728489398956,0.9520000219345093,0.9474999904632568,0.6842455863952637
3,0.1656765639781952,0.17627456784248352,0.9520000219345093,0.9474999904632568,0.6875216960906982
3,0.16462858021259308,0.17518247663974762,0.9520000219345093,0.9474999904632568,0.6908183097839355
3,0.1635957956314087,0.1741015762090683,0.9520000219345093,0.9474999904632568,0.6940608024597168
3,0.16256697475910187,0.17302805185317993,0.9520000219345093,0.9449999928474426,0.697350263595581
3,0.1615462601184845,0.17194058001041412,0.9520000219345093,0.9449999928474426,0.7006032466888428
3,0.16054581105709076,0.17089532315731049,0.9520000219345093,0.9449999928474426,0.7039370536804199
3,0.15956087410449982,0.1698874831199646,0.9520000219345093,0.9449999928474426,0.707190752029419
3,0.1585923582315445,0.16887910664081573,0.9520000219345093,0.9449999928474426,0.7103917598724365
3,0.15763495862483978,0.16790607571601868,0.9520000219345093,0.9449999928474426,0.7137207984924316
3,0.15668852627277374,0.16692857444286346,0.9520000219345093,0.9449999928474426,0.7169265747070312
3,0.15575796365737915,0.16594484448432922,0.9520000219345093,0.9449999928474426,0.7201530933380127
3,0.15483812987804413,0.16499857604503632,0.9530000686645508,0.9449999928474426,0.7239804267883301
3,0.15393272042274475,0.16405822336673737,0.9510000348091125,0.9449999928474426,0.7273733615875244
3,0.1530376523733139,0.16308438777923584,0.9520000219345093,0.9449999928474426,0.7318024635314941
3,0.15215452015399933,0.1622024029493332,0.9510000348091125,0.9449999928474426,0.7351975440979004
3,0.15128138661384583,0.16132566332817078,0.9510000348091125,0.9449999928474426,0.738563060760498
3,0.15041479468345642,0.1604316383600235,0.9510000348091125,0.9449999928474426,0.7420330047607422
3,0.14955897629261017,0.15959148108959198,0.9520000219345093,0.9449999928474426,0.7454371452331543
3,0.14870376884937286,0.1587207168340683,0.9520000219345093,0.9449999928474426,0.8112101554870605
3,0.14785203337669373,0.1578359752893448,0.9520000219345093,0.9449999928474426,0.8148372173309326
3,0.147019162774086,0.15698455274105072,0.9520000219345093,0.9449999928474426,0.8182406425476074
3,0.14621353149414062,0.15613657236099243,0.9520000219345093,0.9449999928474426,0.8219010829925537
3,0.14543187618255615,0.15532368421554565,0.9520000219345093,0.9449999928474426,0.8251683712005615
3,0.1446584165096283,0.15451136231422424,0.9520000219345093,0.9449999928474426,0.8284890651702881
3,0.14387215673923492,0.1536792814731598,0.9520000219345093,0.9449999928474426,0.8322792053222656
3,0.143074169754982,0.15283723175525665,0.9520000219345093,0.9474999904632568,0.8355951309204102
3,0.1422649621963501,0.15200066566467285,0.9520000219345093,0.949999988079071,0.8388612270355225
3,0.14145053923130035,0.15116435289382935,0.9520000219345093,0.949999988079071,0.8426785469055176
3,0.14068058133125305,0.1504206657409668,0.9520000219345093,0.949999988079071,0.846001148223877
3,0.13996319472789764,0.14970077574253082,0.9520000219345093,0.949999988079071,0.8492279052734375
3,0.13927437365055084,0.14896352589130402,0.9520000219345093,0.949999988079071,0.853191614151001
3,0.13859127461910248,0.14830704033374786,0.9520000219345093,0.949999988079071,0.8566453456878662
3,0.1379009485244751,0.14763422310352325,0.9520000219345093,0.949999988079071,0.8600146770477295
3,0.1371975690126419,0.14694277942180634,0.9520000219345093,0.949999988079071,0.8633203506469727
3,0.13648216426372528,0.14625738561153412,0.9520000219345093,0.949999988079071,0.8666634559631348
3,0.13578560948371887,0.14553508162498474,0.9520000219345093,0.949999988079071,0.869971513748169
3,0.13509154319763184,0.14481598138809204,0.9530000686645508,0.949999988079071,0.8732736110687256
3,0.1344183087348938,0.1441589891910553,0.9530000686645508,0.949999988079071,0.8766622543334961
3,0.1337670534849167,0.1435270756483078,0.9530000686645508,0.949999988079071,0.879908561706543
3,0.13312898576259613,0.1429511308670044,0.9530000686645508,0.949999988079071,0.8831837177276611
3,0.13248811662197113,0.1423649936914444,0.9530000686645508,0.949999988079071,0.8865337371826172
3,0.13185058534145355,0.1416856199502945,0.9530000686645508,0.949999988079071,0.8897788524627686
3,0.13122588396072388,0.14102773368358612,0.9530000686645508,0.949999988079071,0.8931872844696045
3,0.13062015175819397,0.14033497869968414,0.9530000686645508,0.949999988079071,0.896477222442627
3,0.13002857565879822,0.1396687924861908,0.9530000686645508,0.9524999856948853,0.8998150825500488
3,0.12944228947162628,0.13909651339054108,0.9530000686645508,0.949999988079071,0.9030752182006836
3,0.12886163592338562,0.1384970098733902,0.9530000686645508,0.9524999856948853,0.9063820838928223
3,0.1282884180545807,0.1379380077123642,0.9540000557899475,0.9524999856948853,0.909674882888794
3,0.12771554291248322,0.1373768448829651,0.9550000429153442,0.9524999856948853,0.9129903316497803
3,0.12714315950870514,0.1367698609828949,0.956000030040741,0.9524999856948853,0.9163742065429688
3,0.12657520174980164,0.13619843125343323,0.956000030040741,0.9524999856948853,0.9197888374328613
3,0.12601301074028015,0.13563017547130585,0.9580000638961792,0.9524999856948853,0.9231672286987305
3,0.12546229362487793,0.13506457209587097,0.9580000638961792,0.9524999856948853,0.9265429973602295
3,0.1249038577079773,0.13443797826766968,0.9580000638961792,0.9549999833106995,0.9300541877746582
3,0.12435878068208694,0.13388057053089142,0.9580000638961792,0.9549999833106995,0.9336268901824951
3,0.12381627410650253,0.13333870470523834,0.9580000638961792,0.9549999833106995,0.9372479915618896
3,0.12328832596540451,0.13287471234798431,0.9580000638961792,0.9524999856948853,0.9410684108734131
3,0.1227693036198616,0.13244707882404327,0.9590000510215759,0.9549999833106995,0.9443504810333252
3,0.12225674092769623,0.13195274770259857,0.9590000510215759,0.9549999833106995,0.9478497505187988
3,0.12175343930721283,0.13142728805541992,0.9590000510215759,0.9549999833106995,0.9519517421722412
3,0.12125786393880844,0.13094985485076904,0.9590000510215759,0.9549999833106995,0.9552578926086426
3,0.12076988071203232,0.13047537207603455,0.9590000510215759,0.9549999833106995,0.9587826728820801
3,0.12028437107801437,0.130038782954216,0.9580000638961792,0.9549999833106995,0.9623382091522217
3,0.11979755759239197,0.1295647770166397,0.9580000638961792,0.9549999833106995,0.9656102657318115
3,0.11930977553129196,0.1290845423936844,0.9580000638961792,0.9549999833106995,0.9689476490020752
3,0.11881595104932785,0.12862315773963928,0.9580000638961792,0.9549999833106995,0.9723434448242188
3,0.118324413895607,0.12814943492412567,0.9580000638961792,0.9574999809265137,0.9757723808288574
3,0.1178530603647232,0.12773071229457855,0.9590000510215759,0.9574999809265137,0.9792039394378662
3,0.11740116775035858,0.12730486690998077,0.9600000381469727,0.9574999809265137,0.9826741218566895
3,0.11696068942546844,0.126813605427742,0.9600000381469727,0.9549999833106995,0.9860897064208984
3,0.11652548611164093,0.1263626217842102,0.9600000381469727,0.9549999833106995,0.9896409511566162
3,0.11609259992837906,0.12594667077064514,0.9600000381469727,0.9549999833106995,0.9930047988891602
3,0.11565884947776794,0.12551376223564148,0.9610000252723694,0.9549999833106995,0.9967825412750244
3,0.11522520333528519,0.12517331540584564,0.9610000252723694,0.9549999833106995,1.0015571117401123
3,0.11480073630809784,0.1248079240322113,0.9610000252723694,0.9549999833106995,1.005075216293335
3,0.11438627541065216,0.124366894364357,0.9610000252723694,0.9549999833106995,1.0085628032684326
3,0.11398009210824966,0.1240217387676239,0.9610000252723694,0.9549999833106995,1.01316499710083
3,0.11358202993869781,0.12368525564670563,0.9610000252723694,0.9549999833106995,1.0177221298217773
3,0.113185353577137,0.12325569987297058,0.9610000252723694,0.9549999833106995,1.021848201751709
3,0.11279107630252838,0.12288477271795273,0.9610000252723694,0.9549999833106995,1.0260262489318848
3,0.11239659786224365,0.12254203110933304,0.9610000252723694,0.9524999856948853,1.0297367572784424
3,0.11200596392154694,0.12211532890796661,0.9610000252723694,0.9549999833106995,1.0332787036895752
3,0.11161903291940689,0.12173227220773697,0.9610000252723694,0.9549999833106995,1.0367586612701416
3,0.11123581975698471,0.12145410478115082,0.9610000252723694,0.9524999856948853,1.0405158996582031
3,0.1108580008149147,0.12111282348632812,0.9610000252723694,0.9549999833106995,1.0444107055664062
3,0.11048910766839981,0.1207546591758728,0.9610000252723694,0.9549999833106995,1.047806739807129
3,0.11012615263462067,0.12044844031333923,0.9610000252723694,0.9549999833106995,1.051677942276001
3,0.10976658761501312,0.12007826566696167,0.9610000252723694,0.9549999833106995,1.0551612377166748
3,0.10941144078969955,0.11970946192741394,0.9610000252723694,0.9549999833106995,1.058609962463379
3,0.10905764997005463,0.11939321458339691,0.9610000252723694,0.9549999833106995,1.0623292922973633
